100.6910
34.1697
28.1689
64.6318
59.6335
26.9822
60.8074
86.8758
78.7123
68.5877
86.9617
80.8613
56.1339
59.2971
36.0257
70.3022
52.9114
53.8144
66.8112
59.5540
59.6524
52.3776
68.5446
82.2145
14.8375
54.8271
54.9494
42.6485
100.6413
68.1744
82.3538
62.1332
71.4727
79.2471
75.5533
58.4304
56.2099
56.7263
61.9100
66.2958
70.1129
86.1006
54.3173
50.1101
62.9286
70.2957
43.5479
73.5581
60.4252
41.6351
79.4154
0.2501
73.2783
69.1420
54.0010
56.1999
94.2136
102.7905
64.7066
56.9243
57.8864
72.0604
99.2789
72.4108
63.0695
72.4438
55.3383
52.7914
48.4464
67.4158
-1009.3287
75.0843
83.9134
53.7317
74.7328
40.8271
50.3434
77.8943
33.2995
76.0411
92.9321
100.2973
37.3511
-990.6790
60.6877
64.6187
57.7117
16.2534
91.8257
75.3806
66.4983
79.9669
67.3575
87.9764
48.0056
75.5851
59.0174
76.7120
68.0708
66.1667
68.4519
69.9118
58.1327
100.9000
56.8075
96.7462
53.2316
59.9986
105.5340
61.8077
47.2580
102.8737
100.1012
77.9778
41.3034
78.4189
-998.7329
68.4806
61.6413
65.8229
63.7336
97.0702
102.2539
85.4345
76.4277
79.2813
90.2631
59.5671
42.1503
83.1541
75.7000
83.6748
44.1948
64.5233
69.7538
65.4364
79.0675
52.5081
66.2810
63.5455
57.9500
66.4970
64.9402
58.4951
81.9433
62.7553
81.2102
53.5700
45.9074
60.5554
63.1533
87.4520
47.7806
64.0338
69.1535
74.7205
73.0491
42.5243
78.3493
50.3035
82.8236
60.7240
50.7176
43.5240
86.5768
44.1538
82.3389
87.0494
21.3036
66.3882
85.4811
42.4353
94.4354
60.6365
91.6534
72.6553
50.1624
73.3260
61.3226
77.0573
57.3656
50.3138
77.1254
87.3442
59.9149
82.8708
77.2941
79.3500
79.2292
61.3863
98.0219
32.3258
76.3919
74.0826
49.7375
62.7329
71.8870
98.1481
78.6900
92.8352
95.4279
47.1022
61.7831
39.0505
76.3201
77.7952
90.0289
64.3523
45.1708
75.9590
41.4297
93.3807
66.4298
72.8015
50.4183
77.7271
85.8252
73.9466
98.8374
58.8624
75.7334
85.9125
83.8812
85.2289
67.9269
73.4941
50.2223
77.7490
60.1591
66.7476
61.2657
89.4892
68.6222
43.4329
93.7223
63.5820
66.3374
54.1436
-1003.3156
75.8356
84.5062
56.5349
64.2664
45.5463
77.9733
89.9246
56.2172
76.3920
92.9525
80.9574
83.4026
67.9686
84.9949
50.6685
38.1385
74.4764
87.5506
95.2802
46.5138
86.7516
64.2528
32.0117
76.2483
59.4585
80.5465
68.7717
69.0995
72.8343
59.3928
50.0608
-1007.1774
57.5407
79.1761
84.6089
70.2382
93.5906
76.0388
82.2112
85.5731
111.1447
60.3965
57.3726
36.0490
59.7564
18.0688
85.9842
67.9008
62.3777
63.0141
83.2962
70.7188
85.9220
93.1075
63.1742
49.5038
68.6111
63.9935
70.6880
58.3824
55.3084
103.6675
61.9611
73.8973
38.3725
46.2203
77.3561
73.8574
85.5026
64.2297
70.2836
56.5651
63.4787
90.3789
62.6218
82.5056
88.3751
66.3824
71.9876
84.6697
68.7379
47.1196
58.6515
56.3531
58.4081
42.3486
78.7484
81.4441
57.6930
61.4388
54.0798
75.8012
73.1705
65.1723
69.8188
47.4140
71.5604
78.2625
62.9534
85.2966
53.3945
65.4173
86.3954
17.7628
61.5271
68.8582
58.6577
94.7274
65.8048
81.2700
1.7288
96.5006
44.9545
46.5214
93.4845
73.0434
52.7616
57.6641
58.6320
43.9127
61.2175
62.5597
71.6955
69.9239
88.5031
66.0295
75.8039
91.6904
105.5146
36.8535
68.2312
54.0044
61.5499
29.4525
54.2196
75.2232
75.8997
89.1472
50.0990
62.6548
74.3744
68.9742
43.1757
93.2445
72.2828
47.4036
67.7462
72.3627
75.9993
60.5856
52.5975
79.9434
86.9937
68.2141
61.2091
72.2884
56.2748
67.3379
58.3868
67.7401
66.3394
73.5492
50.1606
97.4591
71.3101
67.2989
52.9248
89.7765
61.0844
84.0860
87.7203
65.0716
89.7678
74.4426
69.9616
107.0173
79.4149
78.4285
71.0557
86.0336
42.4946
67.8196
45.0534
65.1171
73.6546
35.6701
95.2351
75.8412
59.8412
47.0024
47.6229
53.4781
-1016.6926
24.4191
79.6752
81.9001
72.5100
76.7371
94.3649
83.4541
79.2221
82.9546
73.4315
63.0297
84.1295
45.1205
72.5764
86.1549
-995.8100
79.1218
74.6691
84.3258
80.6169
22.4210
81.9742
92.1973
60.2501
78.1571
61.3447
34.2946
66.8557
90.4909
76.6141
49.8596
56.4987
75.1151
62.1390
84.2701
71.6833
71.8820
89.4918
39.7932
53.3245
69.9194
68.4135
3.5237
50.0019
85.4432
87.4243
77.5202
-984.6065
44.4544
77.5798
14.4398
40.0780
51.6396
49.6293
81.0365
75.4082
50.3767
100.8258
49.7746
76.7492
56.4019
55.2381
73.9425
7.9525
68.3125
69.6895
65.3196
-11.0770
74.2197
35.3995
61.2679
44.6310
72.4861
65.8481
27.3286
50.8855
71.5502
71.4111
61.0494
66.5633
63.8023
71.1136
89.3640
87.1019
85.9558
48.3898
45.1880
67.3601
57.0567
54.3644
90.6098
83.1118
85.8109
71.5740
62.3628
54.2449
61.7429
66.9465
91.1901
55.6100
64.8528
71.1383
66.5139
59.9220
75.9576
84.1506
76.9861
69.3193
84.3761
63.9979
55.7148
63.4186
55.1976
66.0904
91.9067
66.4663
62.5984
84.6249
75.6739
48.4097
64.6283
57.9686
75.1285
90.2056
100.2363
81.8597
36.2117
48.7823
64.0494
77.1943
83.2520
26.2471
93.4668
40.1484
28.6152
90.3194
63.9704
55.7256
60.4651
70.0413
73.1157
70.0273
81.3877
64.4229
95.0710
82.5530
92.8990
67.1189
13.0386
87.4627
66.7165
97.0983
47.6496
57.7625
18.3863
77.0613
79.5913
71.3714
82.0365
48.2456
65.5440
54.8553
57.0997
61.9935
40.4409
67.3423
67.7249
55.7272
64.5339
78.7977
54.7911
92.0268
58.0997
67.7665
53.6519
56.1982
75.5959
74.6815
86.3469
70.6452
93.3545
55.3381
72.6597
64.3195
60.5442
58.0141
56.0995
93.0637
83.4099
69.0698
63.0622
54.8720
47.2323
55.5388
57.4018
93.6562
73.2849
67.1290
67.5771
54.0340
55.2703
71.7099
72.7817
57.4154
39.3679
94.5793
28.7955
63.7629
38.1083
86.6906
95.5198
103.6401
74.8466
63.7921
89.6785
68.4679
97.3156
88.7432
73.7245
74.5803
71.4799
86.6132
83.7357
-1001.5570
64.7696
102.5982
39.0820
63.4897
31.1303
54.5462
85.5909
61.8422
46.6945
74.5255
76.4782
83.7368
44.0768
54.9959
62.6376
75.0589
91.2607
67.8256
84.1033
66.1370
62.1470
80.7110
47.1539
65.7563
59.5940
51.2910
63.8378
42.2737
80.3103
56.1508
69.2014
81.3827
71.3241
64.7041
61.2538
63.9058
74.1023
86.6273
83.6166
81.5824
82.7858
77.1062
72.4219
62.7931
58.3591
54.7804
105.2470
72.8837
60.1757
85.1607
94.4285
77.3483
77.5084
63.6709
82.3597
47.8986
78.2633
71.4149
44.4694
37.2049
50.3319
69.1563
40.0484
51.7775
57.2445
50.6256
63.4882
60.1801
70.1049
93.3446
62.8327
81.2570
46.0862
65.9444
89.0777
85.4630
76.2374
68.5331
71.2939
87.1014
46.7281
45.7666
46.7490
53.3681
79.8797
89.3292
63.4444
72.4376
51.9990
78.5915
70.9717
85.4181
93.3358
42.1400
60.1837
66.3352
84.8820
86.2423
23.8459
51.6485
91.9520
92.3168
67.6190
100.8786
74.2706
92.2155
71.8779
86.0480
78.2720
44.1289
55.5983
57.6124
72.7828
87.5126
61.6103
70.4790
55.8303
50.5632
49.5085
80.6433
54.2610
-994.9849
83.5668
79.3171
16.2017
71.7315
63.8850
74.8206
83.4220
90.2081
64.2531
36.1065
55.2968
61.0469
64.9820
62.5234
65.4060
69.3222
94.9515
65.2178
62.8224
37.3132
62.2988
59.5104
45.6622
82.5914
86.9862
66.0560
69.2922
83.2873
37.1893
81.1518
66.1662
74.6798
100.0580
62.2244
72.2477
54.5884
61.1737
79.1168
66.5190
43.2059
62.1738
-989.9413
70.1521
56.1651
49.2113
2.1833
98.5903
65.6411
72.4722
65.6303
70.0712
82.5087
59.8607
72.4701
80.2428
2.8290
37.7092
90.2359
55.7119
88.4477
62.2049
82.4012
40.8830
73.6374
67.9226
65.8478
92.7689
70.6545
72.8072
33.2827
79.2182
60.4366
63.8049
9.5569
63.2868
71.1258
52.5284
65.4764
56.0129
81.4911
55.6789
76.4589
61.6966
52.8295
63.1272
-1013.5593
64.5820
45.4405
43.1076
64.0788
53.3105
67.0089
84.0009
84.8763
59.4782
56.4328
59.1636
75.1957
77.2924
-1011.5582
101.5507
76.6021
80.2667
64.0088
65.3155
72.3684
78.7953
23.0063
69.7932
45.9248
46.9566
64.7820
57.1296
85.0655
55.2236
64.9925
87.4500
95.0586
43.4854
78.7198
74.4778
69.8336
73.4403
51.1436
70.1126
55.2256
72.4108
58.8756
78.3246
67.1613
62.0495
77.2803
75.8686
70.6266
61.8487
60.8875
71.9299
85.5430
79.6925
1.1702
55.0784
61.2470
61.6507
75.7716
60.0126
62.3978
77.9348
60.0374
50.9165
69.6273
54.1511
84.5167
66.5920
89.5251
97.1264
52.1960
55.7180
65.9307
50.4218
69.1380
40.6851
79.0347
39.7697
82.4031
53.5745
82.4111
68.8088
71.0869
52.0628
73.0498
77.5582
68.2944
60.3241
70.2753
70.0782
58.0585
89.5826
100.7053
68.2273
-978.3341
83.9564
65.3049
54.4289
55.3424
68.6354
30.8766
60.0227
61.2278
57.5326
59.1294
47.6926
84.2037
58.6221
46.6834
55.0585
78.4077
61.0183
71.9436
63.3793
77.1201
94.5390
52.9553
79.3957
91.2317
74.1650
41.3344
69.0691
43.4170
50.8940
78.3411
75.5464
65.5184
61.9589
70.2229
77.5564
69.9249
80.8754
49.2119
85.7010
56.3384
67.4007
87.4053
58.6836
61.9275
68.7038
54.3667
77.2842
65.4064
67.4358
95.2713
55.8812
68.8989
73.8725
62.5882
88.6652
59.3374
68.0815
66.8766
48.9476
45.9670
57.7973
71.3526
54.4938
74.4050
75.1557
83.0969
78.7333
66.0237
59.6839
66.3656
73.0722
72.2564
54.3710
62.8392
66.8968
83.1689
62.2494
73.7547
64.6009
76.0754
78.6330
79.3838
84.2448
59.9074
72.9193
68.1865
85.9522
68.8442
41.7809
77.5269
81.3051
64.1131
64.9025
72.4235
82.3777
85.8788
75.1846
78.1552
64.0657
34.2317
84.7772
88.3251
72.5306
65.6256
61.6279
89.6004
68.8562
49.1066
68.3474
53.0988
75.6134
60.7209
12.3475
60.7768
83.4076
89.3254
78.9865
59.0210
72.5012
92.0706
63.2934
89.9437
53.5268
76.3086
62.1628
47.7755
75.0796
70.0361
32.5792
-1014.6528
73.3959
40.6438
66.6870
63.1410
56.6095
46.8534
43.9889
77.6827
67.2269
42.1579
53.6109
81.2538
81.8306
73.2234
76.6039
94.8816
90.2097
69.6269
72.4359
66.2470
89.5725
64.7107
68.6478
56.6711
88.7995
103.8930
82.3192
84.7987
39.0070
87.5164
69.3399
64.2487
33.0873
90.9710
94.3145
86.9000
38.1777
53.2004
84.4284
67.9991
88.4905
64.4759
56.4371
67.3859
87.2958
72.3214
79.7810
33.5812
50.6126
67.0198
47.2802
56.3504
87.2657
63.3861
71.9801
68.2220
75.8599
71.1385
61.9252
112.4470
76.2793
61.5383
60.7755
65.3405
75.2262
89.9581
39.4212
87.7773
76.8270
22.4049
79.6321
64.2419
66.7550
81.7029
93.9231
48.8898
69.5150
87.6660
71.4604
35.5078
-980.5907
71.6023
66.2150
71.0090
79.5533
64.2550
76.4553
104.0266
74.8612
54.1840
48.4523
72.2551
43.9033
94.4345
23.9140
63.5719
70.4432
71.2405
84.1555
73.1840
59.1856
72.6527
29.5177
54.3328
74.5929
77.1743
77.4453
84.0950
82.5634
68.1792
69.4732
58.9823
73.3901
93.4016
95.4458
66.0233
-988.6917
57.1959
47.3770
76.8627
47.3007
82.8443
58.9301
56.3394
68.5099
73.7253
52.2031
62.9566
67.7118
66.2366
69.9077
76.3943
74.0676
78.3135
96.3253
60.6543
80.7493
64.3764
69.5776
56.4022
81.5875
95.0876
99.8178
55.7056
60.9092
107.0272
90.9540
90.1623
105.7732
94.0679
52.9559
65.8728
81.7729
62.1092
70.8205
66.7949
58.3225
63.4904
67.6793
51.5486
92.7523
72.0041
56.9376
49.6898
35.0402
98.7322
52.9653
54.3387
76.1041
97.0683
-1000.9916
101.0189
93.6250
75.3084
93.0147
56.9949
47.2645
92.2567
86.7273
71.9739
75.9804
76.7463
52.2980
64.5323
90.3986
83.7304
56.7393
51.3049
59.1937
73.1022
49.2440
73.0650
68.8235
54.3008
68.4624
59.6147
86.2790
63.0037
87.1774
55.9284
71.2543
95.0136
70.3325
77.2343
77.4689
89.6702
64.0731
59.6538
66.4104
84.8264
59.1873
42.5356
44.0909
58.5815
86.9250
84.1965
67.1485
-1013.2038
49.5165
61.1772
98.7081
60.4833
60.0025
99.9737
52.9638
67.2811
67.3872
66.6919
60.0077
66.3389
53.2576
80.5530
-998.1006
54.5391
62.7404
74.2897
94.2192
97.2707
98.1437
72.2560
73.6229
77.0271
49.6293
73.3398
80.9412
91.7769
54.3033
49.2458
81.8262
33.5434
65.5321
96.5578
47.5640
54.8281
53.6583
91.7845
87.6344
54.3652
89.1928
52.5451
87.5224
82.0650
99.7487
37.7427
92.2581
83.1038
47.9349
73.5425
94.7282
80.5142
59.4238
49.1029
30.5812
64.2571
71.6029
61.0109
46.7597
47.8067
72.0384
77.5344
98.8004
55.1928
77.3389
64.2169
72.0720
36.5403
51.9802
86.8625
75.8840
86.1656
79.3283
84.3776
82.9079
57.6159
42.4210
68.0994
91.0664
91.5672
74.3555
71.3107
61.4091
61.4755
69.8559
67.7192
66.9799
61.2895
76.7719
76.6402
94.3770
-1006.7979
80.0733
80.3477
54.1253
63.7624
87.5386
68.3659
73.0171
57.8261
59.8573
47.2000
54.6787
65.1022
68.1729
66.0351
56.2881
75.4353
72.6256
1.0029
65.7958
101.0319
70.4056
54.4060
36.0678
88.6657
75.6243
83.9717
51.3826
71.9177
68.8273
54.6672
80.9224
54.2019
62.1916
42.7394
55.7121
61.1417
72.8521
70.2345
62.0341
82.6933
68.5988
64.8404
81.1770
76.6040
101.2404
69.6529
72.5510
67.9495
59.8672
43.6784
-7.9184
59.2907
111.1849
82.6382
84.5232
61.2162
40.3756
74.9790
73.6324
46.1868
67.7360
61.1911
70.6532
78.9388
75.6968
78.8830
59.1201
39.4143
65.1162
93.3517
88.9250
78.8249
86.7564
80.7911
49.1318
84.2028
77.7051
15.0062
63.0867
33.4491
60.0397
55.7840
61.2391
76.1418
62.5038
50.0307
79.8647
78.4942
82.0949
15.1240
91.3226
63.3948
65.2495
73.3091
75.0244
62.2301
69.4989
63.0840
86.9013
98.2541
53.4319
88.9564
52.2677
94.7206
88.4759
37.1205
95.8673
94.5940
66.1479
35.7764
75.6240
84.3105
68.9634
80.3990
74.9689
71.0394
67.7500
87.7511
54.8328
66.2927
69.8309
71.5403
66.1362
57.7393
63.6511
69.9274
74.1806
66.3245
72.2751
47.8331
104.9182
73.7430
67.5250
75.2914
69.6523
59.4409
84.4696
53.2463
75.9989
59.4954
73.6760
81.4565
55.8675
65.2567
56.3293
89.5464
54.9834
51.2104
55.0689
31.9331
77.3280
78.9183
-998.4727
96.5213
78.9156
78.2853
88.7027
63.2881
98.7536
59.6005
68.3734
75.4952
80.1268
79.2397
88.8080
73.6657
84.9665
49.4357
66.0368
85.7397
85.9740
72.5802
70.4139
60.8858
77.3211
67.7174
103.6365
71.6575
74.7429
69.0026
48.0381
31.8699
64.8217
67.4498
73.6813
51.3180
61.3551
51.6956
65.3763
89.1846
52.1261
72.8137
71.0689
47.2008
64.4246
65.4182
59.3087
81.1271
57.3207
56.7743
60.4356
50.1238
88.4762
97.9268
49.5357
81.3939
64.8294
90.3708
48.0764
70.4497
95.7350
60.7727
84.1660
80.6143
61.7614
66.2781
-1001.7330
68.8162
75.6294
85.5832
45.3334
65.7001
71.7248
64.8148
75.8981
56.9531
65.9955
56.8486
71.9319
66.7751
68.5842
67.3561
54.7480
67.4742
75.8494
79.3892
56.4289
47.2711
52.8034
62.5504
53.3767
64.1265
80.6557
60.8298
63.1462
73.8052
67.4651
33.3187
76.4867
95.9526
68.6504
53.3174
78.4913
26.1578
58.0029
16.8644
79.5095
57.2275
80.1597
61.1102
43.2574
66.4801
67.2039
81.2680
84.0961
45.7909
68.1519
80.5018
75.9811
82.7267
70.5192
85.4214
50.0362
79.3458
54.8111
90.1513
-997.0656
85.6478
53.8644
79.9932
56.2555
101.0689
78.3066
71.4342
4.0137
58.0323
62.4733
52.6368
86.8716
76.3248
74.0931
68.2772
59.2340
95.8147
84.3622
75.2697
67.3438
70.7624
42.6926
67.0760
82.4072
100.8668
68.5522
77.9304
79.7157
46.8025
77.1543
66.6682
71.8347
67.8256
65.8272
67.4946
73.3788
72.6224
47.9475
76.4249
74.6916
73.2301
63.9114
70.7894
80.8693
59.7039
61.3560
81.3445
64.0700
65.6428
55.0441
44.7252
78.7870
18.1406
84.9462
85.5017
62.1913
63.3947
74.6161
70.1095
53.8831
74.1478
102.1860
74.9053
90.9136
61.1448
41.3400
88.0420
70.4383
64.1952
56.1229
58.5840
54.9514
75.3754
32.4557
54.4404
64.9480
-1010.3501
75.3531
96.1170
58.3063
73.5908
69.2160
51.4992
70.6912
80.6373
63.0312
87.6602
45.8462
60.7546
77.3337
72.1703
28.8576
61.2206
51.8151
53.6160
54.2449
57.2734
39.1573
61.1596
68.6487
53.8844
80.2458
88.0221
56.3630
90.3127
72.1677
51.1649
52.6391
68.4474
91.9515
75.2309
67.8841
58.4057
52.1037
86.8053
65.5807
45.6156
66.3000
75.0819
84.6737
50.9154
78.4034
71.7584
70.8476
72.5145
73.4363
62.4136
74.7949
76.1697
82.2573
64.2488
53.8722
82.7358
58.6330
42.2495
71.9190
49.5620
47.0489
46.6416
99.3604
92.4955
105.0089
64.5924
82.2760
48.2004
82.2081
102.0426
72.1029
65.9675
64.8696
61.8318
58.2492
83.7780
68.2409
34.7675
58.4153
81.4842
70.3309
58.9474
71.7270
76.3947
90.6433
75.6226
61.5064
60.6717
55.8592
51.9385
32.4106
76.2348
61.2006
46.1742
64.2676
53.1057
82.3541
78.1252
59.3442
53.1481
67.8275
58.7215
85.1327
79.5947
101.8971
71.4399
57.8669
77.8223
56.0967
67.1306
57.1964
56.2940
72.9225
69.5303
68.6168
64.7814
46.0993
90.2506
48.0812
93.5492
53.3899
49.6415
67.1234
68.1576
50.1419
71.7517
52.0847
62.7729
8.3607
67.6262
69.5229
68.4269
45.4772
38.3025
50.5135
78.0495
63.1608
76.6813
7.2663
82.9350
60.4965
73.6527
61.2760
46.1509
64.8598
76.2007
65.4453
80.6264
87.6844
70.0112
77.9051
67.7771
50.1230
-1012.7723
64.9614
72.4664
-994.2547
64.2429
77.0852
79.3672
80.5580
54.8170
78.6525
95.2746
61.8162
88.9927
61.2577
68.1564
71.7772
47.8978
78.9660
71.9923
43.2952
70.0098
75.0714
40.7851
73.8474
75.8323
78.5241
71.4209
45.6522
91.2401
67.1232
98.2081
75.4598
65.2542
45.0598
85.0939
69.2324
42.1533
60.8001
61.9465
90.1085
58.4142
82.7030
71.7102
61.0630
48.1327
55.0514
84.0649
72.9346
77.7474
46.6256
55.3108
93.0844
71.3519
79.6006
74.8981
78.8908
84.6654
69.0793
28.5768
58.8381
66.2428
71.6206
81.7630
64.6606
74.1353
60.0023
83.7776
63.8746
77.0397
50.4011
24.7615
68.7724
83.6337
86.9430
72.4953
86.3373
64.8943
93.9261
76.1457
57.1506
53.4886
81.0000
74.6007
84.7974
58.3150
81.4602
88.6066
45.1651
77.5107
55.7424
60.8851
49.8485
74.7433
58.8042
78.9556
76.5635
66.0733
85.9004
46.4410
65.8869
75.5182
66.8717
75.0258
83.9502
-1005.2534
80.1962
59.8483
66.9309
63.3580
65.2227
52.2479
93.5056
63.7641
71.6439
54.9000
55.4023
81.7955
90.8251
52.7748
61.9278
76.5836
95.1464
87.9504
92.5787
84.2590
49.5028
70.8437
68.8109
45.9209
64.6784
47.1613
73.3381
59.1454
61.6657
90.2477
61.8584
64.2667
65.6394
69.8944
76.8414
9.2327
42.5764
51.6616
69.4991
82.3720
31.1064
101.1428
65.6073
70.7224
71.3393
57.6676
78.6270
49.8361
68.3031
71.4221
64.9614
32.6591
83.7096
42.4877
96.8485
69.7905
77.6299
89.0007
79.8543
59.2403
72.7290
55.4827
70.0922
-1007.9419
104.4282
75.7997
83.8229
66.2089
58.1645
76.3420
73.0639
78.5905
81.6998
48.2731
75.2650
72.6923
54.9527
51.5059
54.7931
61.7997
-985.5662
74.0178
51.8023
80.2195
68.7188
74.3439
44.0377
84.8150
42.7645
74.5531
105.9729
44.3928
59.2490
77.6821
52.9532
59.1499
68.1159
81.8922
81.8010
57.5974
93.8837
51.9778
64.4541
24.2703
76.7103
55.7442
58.3957
74.1367
98.0598
64.1487
97.6680
67.9250
81.5149
83.5106
89.5642
84.0394
51.8640
83.9708
63.1371
72.2363
64.7656
33.0568
78.7576
70.7443
77.4429
57.5764
68.4356
89.6955
47.0407
57.3305
63.8421
59.0350
79.9206
80.2344
67.8676
29.3274
81.3226
95.1852
51.3772
63.9576
49.5448
86.1251
68.6099
73.4519
99.0645
92.6867
91.1601
72.6496
63.5685
68.1161
55.1724
56.6107
52.0806
44.3790
41.6864
87.6317
86.2077
53.4862
71.2882
32.0188
74.8466
51.3529
46.9854
57.2171
65.3463
81.1734
76.6233
58.9800
71.9304
56.6798
86.6617
46.8601
38.3622
52.3617
76.5042
42.3492
97.7177
82.0587
79.7133
66.9576
57.5886
86.8214
94.9503
41.2772
33.9601
45.9175
60.2878
85.9860
42.7990
50.3581
74.6808
83.3473
50.8239
40.6812
67.1625
66.9865
82.5036
62.2544
67.7447
80.4957
76.7799
47.8747
74.3842
67.1765
46.9863
74.3532
61.9558
59.8764
80.3765
29.7049
76.0685
43.6614
68.8479
72.0690
69.5684
81.4812
68.1910
45.2332
80.9086
85.9869
64.1769
65.3067
92.8175
90.8259
45.2350
72.6206
38.0317
34.5880
41.7834
59.3707
47.2722
75.0373
74.5810
50.6688
71.1721
72.4865
-991.2791
99.8758
88.4325
39.5607
80.6738
89.8267
90.7126
70.4749
71.0500
81.9835
97.8910
82.8299
54.5590
77.4885
86.1132
58.6299
80.7768
61.2390
72.4267
73.9573
73.6478
58.8756
50.6969
90.4448
79.2229
47.3824
64.7656
82.2805
76.6049
91.5315
57.6637
69.1568
50.4433
83.0664
63.0208
88.5501
29.4990
63.4040
79.6933
116.6103
45.5310
14.9378
45.5974
67.5796
79.5329
67.2275
75.3702
82.9535
62.6273
51.0145
68.9768
53.3979
74.4080
58.3615
48.7279
66.4964
72.2394
76.7504
77.4823
62.6411
64.2029
48.7646
85.9140
78.9395
46.5210
76.6949
103.2843
70.7881
85.8286
70.5579
70.2045
49.3968
82.3544
50.2498
62.1880
87.7435
85.7372
10.8264
66.7899
75.9410
78.7421
70.2573
50.0653
67.3131
75.1729
46.9635
63.9184
82.4113
95.3054
71.3373
60.2068
70.4649
42.9662
62.8439
72.7914
81.6796
27.5632
69.2704
74.9377
51.8034
84.0963
51.1853
59.5835
68.4863
67.0455
58.2514
61.4593
80.3815
60.6179
68.4415
75.2285
75.3546
57.7410
39.9517
91.1857
74.5880
60.2489
60.7338
83.2149
62.6785
84.3561
72.7936
43.0116
45.7448
74.9987
61.8153
57.1204
74.1752
79.2307
67.6437
69.4318
90.3850
54.0509
56.4049
81.2735
107.3415
67.5787
45.4803
55.3556
79.1778
49.2270
61.7621
70.8647
72.0466
94.8575
90.1323
79.3413
73.8839
75.0497
83.5240
40.1540
89.9567
71.5752
87.5532
60.7331
65.3878
90.9016
31.2865
82.2580
60.6380
80.0598
64.2908
47.6959
81.8148
102.3507
100.3615
64.6812
95.2711
59.0566
54.5506
63.4823
54.9003
70.6386
53.9271
94.8829
70.6748
58.9919
55.7971
69.4092
65.7092
87.1086
61.9915
69.8801
66.0991
59.9427
65.7884
75.1387
46.4434
58.8035
94.4211
62.9068
85.0580
64.7070
80.0866
84.1267
81.5930
79.0113
85.6330
76.5529
49.2910
67.3642
17.5182
69.2610
55.4990
61.2367
59.4074
84.3879
90.4720
56.7090
48.5845
53.6029
86.7059
85.9936
-1000.9552
64.3393
82.0464
77.2008
64.4991
86.4439
65.2132
75.1555
89.4333
64.8047
74.7329
56.2549
55.3610
22.5397
78.2571
77.2439
77.2556
73.3737
82.9798
50.9398
49.6755
91.5261
55.2968
31.0147
109.0931
58.8446
58.2065
59.3137
58.7688
85.1147
84.8554
51.8457
72.1709
96.4631
85.3013
74.3720
70.1178
50.2008
92.0614
76.7011
69.0798
53.4681
54.8805
77.2321
69.0629
51.2986
57.0273
69.0672
90.8998
92.1657
68.5713
70.3313
62.6404
76.2465
80.7957
77.4685
90.5563
51.3856
56.4624
67.0663
58.8939
62.0592
90.3606
54.0766
-986.0542
49.9847
35.4194
77.8243
79.4119
51.6052
77.7431
61.4594
63.3311
75.8065
62.1321
40.7481
65.7772
69.3823
68.9882
45.6890
78.0251
83.8215
40.4902
73.8159
95.2160
62.3369
53.9232
65.4037
48.9958
69.3252
73.3125
80.4441
86.4817
61.3569
54.3017
71.1844
73.5529
75.1834
76.0887
56.1352
86.3950
61.6778
62.1486
54.0531
-1000.0563
57.1150
54.1290
66.9340
65.6219
36.5892
66.3621
73.7393
88.0450
47.9922
88.7587
88.1043
79.4706
70.0124
71.1734
81.0885
65.0297
-972.2080
65.1002
63.1778
69.3787
91.9146
80.0974
67.9469
75.3932
76.3077
68.1940
78.1575
35.8565
92.9417
53.8443
57.1650
63.7923
62.6139
87.4881
71.8490
63.8187
77.0304
59.8094
51.2278
74.0122
37.7901
37.0661
67.9041
69.6571
70.0080
40.8941
40.8586
73.4796
48.4596
69.9492
65.0137
53.2201
46.5809
79.6745
62.8937
68.7902
79.9065
65.5972
52.9031
71.0229
69.0997
77.2448
74.8098
70.5237
89.3960
56.4790
80.4342
91.7627
47.5799
52.5947
75.6489
95.3045
98.0768
60.4076
70.5097
75.9320
100.9854
73.3183
56.0386
52.9405
95.4448
61.4633
72.4797
75.7408
68.1690
49.6557
34.1268
90.2183
87.3736
57.6456
63.6488
54.1568
68.6752
96.7431
78.5814
82.2717
78.2685
66.5661
52.4569
49.2944
87.2702
66.7147
80.9541
59.5978
88.1400
75.5258
53.2880
71.9213
53.0515
56.0479
81.7882
73.0594
67.8374
76.7193
84.3706
81.9159
82.0512
62.5901
78.5650
52.6552
75.9310
59.4732
95.8813
68.4590
84.0162
61.6740
87.1736
42.1764
76.4135
64.5581
86.4475
74.0454
44.7339
62.5601
45.6010
67.1373
55.0714
75.8057
82.7723
63.2396
76.6519
58.9552
105.4939
83.4803
87.7259
72.9516
60.6986
90.4181
63.6180
51.2235
80.5392
46.2352
83.7502
45.6507
53.4955
68.3321
11.6131
62.4015
73.6624
46.3171
54.5216
45.7313
58.7622
48.2537
62.2219
75.5749
62.1648
77.2541
68.5641
40.3342
37.8406
52.5911
78.1501
65.2005
70.6066
73.9172
73.1934
83.2774
72.9013
86.9590
35.9446
78.8457
61.0606
84.0380
56.9890
64.2062
82.3147
66.4783
79.9118
53.2745
74.2124
83.8119
81.9022
-1011.1369
61.9571
59.4409
37.5936
62.0153
87.7924
62.8791
58.2481
85.6133
30.1002
57.8920
43.2339
56.3693
69.5951
87.2594
58.4254
64.2512
78.3160
52.4181
51.9655
59.2213
53.1655
67.8732
80.3201
77.3879
48.8239
40.0364
89.7998
71.0668
67.0611
84.9927
103.3024
71.1849
96.4010
50.3069
59.2826
73.5447
60.4568
55.8155
43.3757
87.4427
73.4181
91.3385
64.5585
72.4425
45.2210
95.5150
60.0416
65.5897
76.5147
59.6717
71.2861
55.7203
51.0744
80.8085
61.1350
80.6941
65.5368
63.8048
57.3371
43.2225
77.7423
84.5505
63.7560
71.5039
68.9749
61.5562
89.4102
49.6342
59.8222
74.3611
87.4999
73.7795
51.7702
63.5094
59.6682
64.8363
44.4207
73.3873
72.1286
66.1553
70.4928
79.1533
88.2146
67.8523
60.8895
87.0759
82.3065
71.7420
113.8712
71.7885
89.8795
58.2013
77.7117
96.8418
66.0636
71.4813
59.3579
49.5803
81.9899
43.8028
80.5824
65.5052
71.2082
61.7607
85.7223
79.3774
62.1134
64.2314
77.7768
82.2629
78.5738
69.0048
78.3135
62.4539
78.2301
42.5196
100.9652
66.9493
76.1221
59.9965
98.1737
50.4820
69.0549
83.6957
86.5869
51.7575
91.1219
52.7625
79.6128
56.4615
70.3807
51.5078
82.3332
72.0512
52.9711
57.2303
19.2108
55.2494
76.0188
78.7298
74.6439
36.8736
84.2825
71.7215
68.8421
67.7461
88.0324
84.4081
60.9364
69.4724
88.9188
83.8620
65.9465
18.6478
58.5847
90.8468
72.3839
79.0966
93.5469
52.0252
90.8637
35.6764
56.1526
70.2554
95.8303
74.8397
86.7853
52.4150
42.1110
95.9031
77.4886
81.9405
52.7033
76.8461
74.5082
101.5148
78.2006
64.5540
48.8884
81.5919
62.5471
62.9352
71.6920
99.6666
78.5699
66.5608
98.3917
85.5432
68.7154
63.5040
44.1143
69.5307
66.4108
42.3161
82.9481
66.8334
50.3670
64.1868
81.4799
92.5396
67.1421
93.6422
47.4629
87.5539
79.0110
38.2521
85.1451
59.7942
81.3840
68.8744
76.8926
63.2511
61.5337
61.5835
69.2426
49.8875
25.4274
62.8941
79.5286
76.1545
93.3301
56.3932
85.3977
71.0975
60.5420
66.6710
64.5789
68.5305
72.4480
75.5103
58.0878
73.0744
67.4098
86.0134
98.7350
52.2518
-0.2016
63.3083
67.5590
44.7903
55.2154
85.0696
58.1812
65.9284
64.6371
82.3709
66.3734
69.6264
80.6496
89.5092
83.6450
69.4123
75.7815
66.7400
2.9758
70.6799
47.8951
45.6908
47.6868
61.9097
82.8458
80.8158
75.1621
25.9377
97.2106
20.6621
96.1850
56.4533
78.8058
65.0199
69.0874
46.7239
73.5414
69.9953
101.4865
70.1220
82.2066
88.6994
68.8560
62.9078
94.7197
49.1574
61.0682
64.1902
76.9155
43.6652
53.7720
88.4625
43.2928
86.1129
58.3043
63.5868
76.5216
75.9638
88.9054
86.8012
65.8199
57.5320
61.9827
55.4132
103.8846
88.1589
67.5819
61.7479
87.9186
83.0690
-1016.1066
79.7208
75.7802
100.9765
38.3439
89.8786
45.9894
87.5623
64.1196
69.7823
87.5580
64.8774
80.3505
99.4450
70.8077
81.1273
89.8026
65.9226
65.3765
63.0713
79.8434
65.4578
67.5132
70.4347
61.9016
66.9920
95.1548
80.8126
78.8345
44.0612
58.0826
63.7979
67.6922
60.3561
65.1571
59.4629
72.6105
69.1075
34.7901
55.3876
75.6771
52.0997
64.7191
114.3501
59.7663
69.8621
72.0538
74.7561
78.6882
74.1991
29.3659
75.2847
56.7237
91.0020
95.1563
91.4991
74.5986
46.5370
58.3842
76.0878
99.3276
80.0596
83.5769
60.2187
78.2227
89.6494
66.3233
96.6275
87.2169
80.9507
67.9235
75.9840
75.9419
82.2684
81.6543
70.5015
57.1098
49.9761
62.5437
89.4614
74.2291
61.5234
68.7643
81.5737
87.3193
63.2664
71.6302
78.8283
49.0679
66.0206
84.3389
71.7635
70.6159
52.9136
43.9837
-997.7124
75.7671
88.0960
67.7746
91.2802
68.8048
55.5489
81.9718
91.1890
40.3538
88.5772
73.6975
48.6839
57.0538
38.1552
44.7905
101.4370
68.0912
66.2733
72.6045
72.3547
76.2476
67.2030
70.3680
53.9303
60.1881
70.7010
78.2994
83.0085
67.6575
48.3664
79.3441
59.7134
76.1290
58.1641
49.6842
63.7908
63.0393
81.4389
61.3123
74.1159
73.5383
85.0134
74.7926
58.9425
75.0836
79.0241
81.5944
60.9085
71.8882
55.1066
83.8608
67.3427
67.6504
13.9538
72.8490
37.0499
68.4091
55.6783
56.3349
89.1427
42.0683
79.8863
72.6171
80.7023
4.9966
55.2949
92.1066
34.8200
75.3069
41.9170
90.3742
77.5013
71.5039
69.3165
78.5145
61.8734
75.0323
59.5562
79.0506
83.3431
76.0754
75.5736
27.4003
59.0084
81.1625
82.9721
76.3241
57.3864
94.9979
75.2676
61.6498
57.3552
79.6241
76.5357
71.3111
97.1212
70.4993
73.7174
64.8529
68.5038
60.4921
57.4985
93.9100
4.0591
82.9033
63.0342
44.3925
71.2611
45.7077
74.1158
41.3204
50.8851
70.4010
59.6637
75.6042
70.0895
71.4682
108.7262
82.6427
66.3608
25.7646
88.0747
69.6752
-999.0511
50.2026
21.6250
75.1022
59.9817
53.8243
58.8907
60.1576
56.5583
70.3817
44.5463
73.6028
53.0947
56.7510
59.1744
49.8431
95.9059
65.5506
47.3941
71.7187
85.6795
67.8450
75.1092
67.6087
50.2233
78.1549
94.5194
79.9228
96.9720
70.9648
80.0439
55.9295
97.4189
56.1007
8.1792
72.6134
43.6620
88.4666
77.0698
22.2494
88.0633
46.1875
85.6531
46.7826
53.1799
78.3295
55.0936
86.0364
59.6467
71.5484
51.8477
85.0711
63.2242
77.2914
50.9592
54.2731
67.2743
57.7669
98.2039
76.5719
57.5902
70.1382
42.9684
82.4589
60.4959
95.1523
54.2056
43.3872
66.5500
49.8634
81.7931
59.4147
87.7833
71.4494
59.0240
71.2975
66.3683
77.7640
66.5352
64.2592
64.4537
48.8764
41.4549
62.4301
72.1572
79.1931
63.3261
76.2031
73.6022
61.7779
77.8621
43.4921
78.1468
74.4087
73.7118
67.5927
67.3274
71.9359
85.0551
41.3724
70.8256
97.5786
71.2107
79.1808
62.1655
69.0998
76.6987
86.4380
64.8645
61.1172
72.8937
44.4012
70.4194
80.4637
67.8958
66.0200
67.9042
22.6393
86.9498
79.9843
57.7316
76.9870
55.5626
46.2323
84.5097
76.8385
66.5967
52.2697
77.8172
79.0260
69.0577
61.1204
86.1130
86.2082
59.5176
79.2438
81.6510
55.5421
59.3933
50.6236
61.9441
77.7584
56.2550
57.8091
81.3565
61.3502
36.8728
66.4636
76.7918
82.7074
98.4930
80.5212
72.0944
62.1008
48.4996
47.9294
92.6146
74.1693
47.9092
99.6853
92.0910
61.6412
69.7854
72.8813
70.3240
89.4432
78.3735
75.1359
61.3208
65.1349
61.5985
88.4016
75.9924
71.3604
33.5453
65.6752
56.4390
77.6125
72.6091
88.9105
97.4938
81.9562
82.6180
84.4161
53.4355
74.9033
73.8840
63.7067
81.0912
80.4140
47.3471
102.6802
35.3536
75.1164
67.0668
87.1985
60.8148
71.4416
73.5436
53.8603
41.8638
82.0389
75.0827
70.3849
82.1396
91.6007
59.3278
51.0323
78.4549
51.9042
88.6875
69.2426
71.5926
82.2255
90.2807
75.5927
93.0302
76.4470
66.0866
69.4224
77.4025
101.2937
79.9455
68.0447
63.5684
45.6881
77.1184
70.4072
101.7798
46.8368
74.9398
78.1970
61.0965
88.8707
66.9992
25.9718
76.5290
65.7136
63.1651
61.8864
69.7076
96.1368
59.4353
84.4416
94.6713
72.0842
72.6654
72.0584
96.7928
91.1064
62.1323
73.7171
86.8340
33.4128
69.1177
78.9876
65.4175
42.8326
76.2304
66.6473
60.6186
86.2215
77.0200
79.9292
48.9888
78.2129
66.1671
70.7159
76.3596
66.1065
60.8402
78.6057
83.0138
73.6236
79.9062
95.5223
78.2908
55.7433
60.0692
69.1999
82.2780
64.6241
66.1674
62.5184
52.5138
50.0916
58.0453
89.7758
52.8477
90.3928
76.2670
63.5824
73.6953
67.8426
66.7794
70.0360
73.1260
48.3998
71.8126
74.7702
101.8693
70.4913
68.6795
88.5816
72.5216
68.2969
66.9816
75.5830
76.5490
82.9798
62.6710
70.1810
26.3062
70.4422
62.6256
47.7603
55.1045
53.4596
53.7610
62.5995
76.6521
78.3433
68.5736
87.9339
74.2317
76.9887
49.4904
69.2594
91.6421
74.5828
56.1179
59.5319
83.0053
62.0546
68.5893
39.5642
65.5870
88.2598
91.2401
67.7471
62.2597
65.0760
64.9058
37.5086
73.1464
57.6296
61.2232
78.0535
40.8056
52.1985
37.4422
58.3487
49.9706
64.3811
76.7587
51.0442
97.2205
73.6807
101.1043
50.0892
66.5546
58.0687
75.8046
58.6807
62.6857
93.3764
81.4968
70.6471
70.3002
84.2661
52.7741
71.9985
75.9268
59.4714
78.4912
39.5171
80.1243
72.9527
43.6972
57.9936
79.6813
79.5076
69.5387
93.2733
86.8431
39.9669
85.3329
66.3507
71.4303
66.1586
74.7109
91.7513
88.3646
61.4367
76.8687
69.9743
83.6336
100.7593
75.5688
61.6060
69.1499
69.4483
90.9260
47.9040
47.1591
55.6499
92.7371
55.8485
72.9092
88.4747
79.3092
71.6858
56.3852
68.4546
57.7694
68.2290
64.5001
44.7721
48.7598
84.2005
68.6971
75.2939
69.2644
55.1601
65.6722
72.4726
49.1245
94.8984
64.8249
40.5069
85.5654
50.0585
79.2872
54.8870
71.2964
33.2857
78.0716
86.9525
64.1958
47.2478
56.4023
78.0123
78.4079
112.5249
80.9238
55.9189
96.9292
91.1075
65.3475
68.3611
82.0113
79.2730
103.1384
70.3029
70.1071
31.6727
88.9812
81.2981
54.1199
46.8976
73.8625
54.7599
52.6120
79.1420
92.4776
26.7846
62.8328
77.5042
67.4033
68.4191
55.9354
57.7903
49.4198
96.9984
74.8938
78.3979
57.5235
47.8330
74.3336
58.2003
63.1736
63.4848
91.6320
50.6365
58.1115
44.0904
57.9148
57.0006
73.3303
76.9762
66.5156
52.0231
56.5580
62.3419
78.0641
69.5430
73.4314
92.3522
51.1746
74.5614
65.2619
73.2018
57.1600
73.5600
65.0870
68.4644
83.8651
27.8807
77.4953
62.8622
13.7296
61.0474
64.2340
90.3189
63.4211
60.3312
-990.9178
64.7418
48.6063
85.0689
62.7587
-1000.4368
55.4454
59.4357
62.8670
74.9876
91.5206
92.3184
74.1174
68.3381
37.9134
67.6626
71.7497
62.4949
73.3123
54.0424
71.0792
82.1256
98.8100
90.5912
38.5412
52.7422
57.7934
65.2119
54.6808
57.6149
85.6557
-986.0250
40.4678
104.0657
97.2751
101.3695
91.4167
46.7239
76.3792
72.0313
81.2634
75.9282
45.5094
55.0101
38.1661
63.5201
58.3449
61.4905
59.5983
57.0130
85.0960
75.0910
71.7022
60.0267
109.9683
65.1092
75.3415
50.8964
54.6089
70.0290
54.7540
78.1831
66.6162
78.2356
85.2291
32.2775
61.3077
76.2669
49.6034
66.9742
83.6847
57.0918
55.9192
90.2021
62.8053
71.8797
67.9504
72.2471
64.8953
73.0939
77.3688
95.8790
59.8558
77.8823
67.2540
37.8387
78.7128
72.4800
72.6522
70.5664
62.3873
72.0833
69.5661
46.5154
53.4317
91.9462
75.7499
94.7205
65.7776
73.4115
40.4250
72.8612
75.9973
72.7868
45.4995
79.0654
78.5570
69.2862
83.2816
92.8981
100.8788
70.8991
85.1510
67.2088
71.3028
85.5984
67.8760
72.4310
46.0707
81.8060
78.0122
62.4437
74.3924
57.1248
17.9852
46.6718
50.6042
49.2188
62.1049
53.1402
81.7469
38.6052
36.3933
67.5430
71.9108
72.3795
25.8140
96.7294
47.1067
71.1292
78.8441
91.2210
52.2382
85.3803
74.1796
86.5350
44.7740
28.9262
42.7167
83.1410
69.7227
91.0441
67.0571
59.3492
73.4126
88.2437
89.2016
77.0496
72.4158
42.4465
50.0387
89.9993
74.9060
46.7901
41.2806
74.2726
68.6047
-1004.4238
71.4201
63.6941
46.0440
65.9858
95.0091
72.3155
52.8213
66.5487
99.6126
92.4009
53.8716
82.8329
52.2447
62.7366
81.2698
78.8007
108.2411
86.9737
77.9416
68.3884
57.0514
57.1037
61.3240
73.2666
73.6907
95.5383
-1002.5088
77.0814
69.2063
62.0031
54.0198
86.1011
76.9335
50.6566
-1013.4000
71.9503
74.5863
90.5782
113.1731
51.6834
46.6104
95.4956
74.2004
46.0104
86.9891
95.3258
83.4936
68.3938
68.7179
66.3452
52.3836
96.2959
72.9915
58.4474
73.9613
66.7544
64.7529
95.3780
69.4994
35.8533
58.9828
73.6729
72.1117
64.5333
88.4398
96.3706
87.4798
49.9448
64.4500
76.3602
68.9935
81.8515
59.0295
67.3571
102.6598
73.9432
78.8333
36.5319
16.5166
85.3341
77.2280
66.1479
66.6188
82.4769
68.4399
45.5833
88.2781
68.4036
74.6020
-1002.2049
84.9400
76.0143
85.4406
93.1849
45.6923
70.4953
78.3429
91.3002
55.1119
67.6051
41.4367
85.6022
50.9556
37.4644
62.9043
45.3126
53.6069
74.5496
85.8419
77.2704
70.6102
80.7379
58.8378
90.9380
60.9008
69.8203
59.8123
67.1091
74.5855
42.2802
87.6872
70.7666
71.4330
76.4056
87.3805
69.6647
63.9530
80.0810
77.0113
78.2753
72.4307
48.6758
85.4309
54.6142
78.3945
67.9287
76.3317
55.1738
53.1039
59.6045
67.1375
111.1891
48.8246
84.3609
79.2722
59.2820
55.7513
66.7451
-1004.6682
20.1708
69.0508
91.9011
62.1405
89.9367
90.5980
38.8384
78.6198
74.3889
64.0959
53.9946
65.3544
34.0584
77.1527
55.4180
68.3931
84.7527
80.6387
60.2603
47.9407
58.3876
57.9081
100.4545
51.8978
66.1212
70.5543
51.5665
55.3804
68.8971
72.6636
71.9595
51.9624
38.6891
90.4952
58.7963
74.5442
34.6036
64.2719
62.0122
-1001.2259
64.1717
-993.3284
83.8532
75.1047
93.0782
72.9502
56.1971
71.0224
59.8801
69.4754
53.5207
27.9863
82.4677
46.8969
62.5407
88.4142
85.2884
78.7698
31.7518
72.2416
51.6561
66.2839
40.8518
70.7577
95.3790
67.2839
64.2026
71.4162
78.7869
84.2742
21.9934
66.4095
98.4016
64.8802
75.9959
87.6352
74.4542
66.4150
76.8806
30.7936
77.3110
56.9288
67.1584
69.1329
97.1068
14.7724
78.8956
50.8611
58.8404
52.4534
70.5747
76.0696
39.0847
52.9523
63.7279
53.0124
75.7084
44.7450
38.2637
77.3841
65.9589
70.9679
79.9905
48.2146
33.5059
78.0264
79.6121
65.5797
26.5462
66.5000
55.2434
70.3780
52.9492
69.0766
67.3689
95.1390
55.5431
60.0088
70.5421
101.3332
65.4277
55.5857
62.1689
75.9102
33.1864
53.7199
46.8012
40.5508
49.5247
56.1244
73.6887
88.0858
82.5250
70.8015
42.3353
67.7385
53.2537
68.4108
104.9107
76.1047
85.8050
19.3763
76.0106
59.3512
97.7112
96.6595
66.4598
84.3015
69.1510
76.6812
68.7566
44.5062
85.2061
65.7676
42.4548
61.2525
52.1949
50.8948
87.2384
13.6856
73.9723
72.4781
60.4687
61.6532
77.5866
84.5972
84.9428
42.4664
72.9803
64.8452
74.9597
73.1392
121.7297
77.3896
79.1669
66.5450
55.1590
63.1768
32.7360
67.6031
68.1943
79.4456
65.4918
-992.0019
74.5282
72.6513
89.5512
59.7193
70.8665
86.6442
46.2812
64.9225
75.5318
83.6764
69.0615
26.0227
87.4099
101.6960
80.2121
87.3846
37.1193
48.6065
83.7828
82.5596
-1012.2872
86.8017
84.7246
79.8619
51.2474
56.9851
19.9000
62.6723
70.5238
64.6452
58.7150
55.1785
72.7241
82.2811
-995.1199
79.7238
82.8897
48.4433
69.5216
-1012.8608
82.3013
60.0301
68.6479
53.3088
66.6215
67.0931
40.1532
73.7157
71.8917
54.4246
59.1983
69.6481
68.7094
65.8722
66.7755
49.1622
41.6500
86.2182
92.9177
41.8170
91.8658
63.1528
55.7406
66.0522
97.6265
56.5181
81.0812
75.1983
55.6889
58.8937
69.8420
69.6478
76.1006
61.5181
47.8569
37.8965
93.5041
79.7323
75.6196
60.4071
78.5914
64.8115
55.7993
-1009.9890
41.0979
85.6864
51.5696
-997.8556
79.2856
60.9619
-1000.4724
68.0189
71.6875
66.2556
63.4887
53.7019
72.5455
59.4519
67.0919
66.6611
60.7594
65.7466
79.2359
72.0570
79.7246
58.6298
55.4523
80.0517
52.6665
81.9703
50.7835
67.0472
83.1587
33.3185
69.3829
65.4044
98.8762
73.5084
46.6175
67.7207
97.1312
66.2205
79.6747
78.7190
44.6424
88.3196
91.6570
53.5910
85.4241
47.3396
63.8740
32.9162
91.2914
67.5515
55.6384
56.7153
58.4168
72.9918
72.0750
73.6197
54.9035
101.5341
65.8809
80.0666
68.6982
66.6785
34.2552
47.5896
79.4556
75.0961
57.5026
61.1350
57.6347
93.7188
82.1016
67.8370
58.8932
53.4723
65.3440
80.3230
91.1875
66.0857
67.8046
59.6831
54.5228
48.3753
74.7464
30.2715
83.5173
32.0853
-999.1624
34.4124
92.7162
63.3683
80.4290
63.5679
103.2782
64.4674
50.1890
91.9993
19.5532
84.8616
84.3643
63.4420
49.2257
56.9554
71.4720
77.3674
58.8783
81.6004
46.4472
92.6408
72.9438
83.7427
75.5048
93.4151
74.7003
73.9839
73.4617
68.6475
15.7799
80.2752
72.6904
62.8664
71.0402
59.0929
46.2002
88.2386
65.4615
74.7675
69.1612
-1011.1150
5.6186
73.9976
69.7703
65.9805
60.7643
86.3463
35.2730
82.0032
81.3369
70.7596
92.3561
67.1252
72.9667
51.4223
62.3562
71.1587
84.4159
74.2438
59.9851
80.3669
80.4747
74.5699
63.6564
46.7533
78.8647
74.6673
93.1495
0.9472
81.1113
80.8170
63.3375
66.2644
89.6033
69.4741
62.6609
80.1292
67.8319
61.6493
60.3193
55.5445
80.2991
49.7366
44.0524
62.8084
58.2860
61.7583
78.1691
90.9940
101.1399
67.1456
61.0662
84.8275
77.0933
79.6112
34.3383
86.1710
87.2053
70.2988
70.1185
88.7587
71.7116
68.5523
59.8649
75.2193
57.4195
74.6113
80.1458
72.9785
108.1963
47.1218
69.2747
51.7318
50.9132
55.4981
79.8593
75.0620
68.2124
89.4563
87.5792
62.1197
64.6887
51.6240
83.1620
59.9672
65.7085
76.5650
74.8995
72.3359
74.7633
83.8139
47.3312
107.0133
84.7129
82.5676
102.0745
97.6467
38.8425
58.1567
81.5704
87.7985
85.1752
58.4225
85.5509
70.9272
65.3490
51.0185
61.1883
66.4198
71.3925
53.4647
49.5831
26.4841
34.3454
68.0375
49.1558
69.1693
59.9570
75.4988
92.9706
61.6392
17.7863
68.7437
74.9211
41.9471
80.7987
92.0410
63.9317
67.0181
98.2345
80.2994
79.0885
71.4775
33.8434
60.5916
50.2553
49.7705
76.8349
74.6374
72.5838
80.4646
77.6842
73.3546
93.8718
59.9555
85.7988
57.5964
47.2618
39.1026
56.2157
78.7883
57.2353
56.3329
77.7139
62.6259
68.6456
69.3692
67.1539
88.3233
64.0932
32.5326
50.1665
77.7857
45.3955
68.5068
63.7347
53.8357
79.7540
60.6941
70.5526
84.9788
41.9461
64.8602
71.1552
81.2595
96.9910
56.5211
51.3972
72.5496
95.4490
74.4843
93.8654
88.9419
92.1232
76.9782
64.4245
104.1331
73.7532
53.5683
69.3262
91.0889
73.5470
88.4423
75.3820
77.6493
98.1306
57.4398
59.0854
82.7829
44.5949
87.9889
67.4694
57.7437
57.7495
60.2218
70.7799
88.0634
55.0113
70.5749
14.2440
80.5839
89.5084
51.5518
56.3700
71.7361
63.6384
46.7516
94.5217
66.4727
51.5095
64.0702
82.5271
-1001.9727
80.7133
33.9967
87.0179
68.1531
60.5644
64.2415
37.7224
88.6930
9.1071
43.0791
95.4300
79.6215
82.1580
67.8524
64.8188
63.3931
80.6152
87.6038
57.3473
106.2546
60.1975
61.6215
66.7923
93.3165
74.2776
78.8474
57.7219
94.2015
88.7444
48.7871
56.8700
58.0854
36.4535
77.5039
64.0134
96.4304
51.1643
45.4274
69.5744
65.0882
68.2645
97.2740
68.5995
58.8500
69.5182
91.2691
87.7939
73.7126
56.9816
57.6425
48.1649
64.8664
48.5373
90.2335
63.0576
81.7790
64.3485
70.7324
57.8072
49.4213
88.8154
97.0938
61.7977
57.2574
81.9885
35.2652
85.3548
70.3977
41.4899
71.5810
71.3638
84.8870
54.9814
53.8471
98.1784
81.0676
83.9486
63.2535
89.9144
72.1662
68.1563
34.0472
68.2369
47.4744
67.0202
91.6925
77.4164
54.3901
57.8929
77.7357
93.2745
78.3908
67.9394
-989.0226
55.3602
85.9577
40.3250
70.2084
41.4839
65.4831
74.6840
63.9453
45.8910
56.8943
77.8471
64.6061
78.2837
59.5895
55.4299
74.8776
87.0863
83.9959
42.3994
79.0708
54.4963
66.0410
67.4238
61.8840
61.3008
87.5417
45.7421
54.2216
45.3925
34.8123
64.8118
54.1230
69.3215
71.4947
49.2020
45.1965
-1008.4234
40.7771
64.2166
85.5352
58.2920
56.7208
79.5475
55.7729
68.3315
97.7378
65.5316
66.0048
97.7189
73.9870
57.8688
76.0116
69.4763
56.5871
53.3172
66.3469
96.0306
88.5003
73.9560
80.1337
52.4167
61.9838
51.0172
66.2339
80.1739
64.8683
78.4722
75.9000
72.0838
75.9137
104.6753
68.0775
80.8817
87.0063
75.3691
91.8184
44.5620
66.2246
84.9750
65.8898
73.8190
60.8616
83.8164
93.6548
39.1217
57.8539
85.8517
89.1173
45.6545
80.7768
85.1444
44.4692
71.7446
100.6160
92.9223
88.0260
19.8860
71.0759
58.2919
66.2327
81.1718
73.9981
74.4194
48.9175
66.5839
100.0537
43.3770
82.8833
61.2642
71.4039
54.6478
53.6844
57.1704
71.5916
65.1935
65.5501
-993.8037
82.7441
71.6172
82.5412
64.5687
89.1310
28.4661
65.1950
56.5474
34.3509
49.9370
66.9571
69.8730
90.8595
83.8125
79.8164
81.2648
23.0779
61.4532
61.9892
77.0881
67.0437
93.8305
81.4816
86.4658
80.6576
82.5277
96.4257
59.5099
46.8362
73.0133
73.1961
63.6711
62.6882
61.8136
88.4166
72.2321
103.7477
72.7422
70.9919
75.6114
47.3812
62.2094
70.0945
80.9478
98.4184
57.7890
45.0330
48.3355
77.7569
77.5706
77.0460
56.3064
76.2265
80.0821
94.2994
