117.0643
97.8552
150.1600
111.1693
93.7203
105.9106
151.6893
123.0372
132.8547
130.8894
121.0772
129.4987
99.8604
100.9533
110.0075
90.2025
121.3041
112.5244
115.4505
110.5235
82.1187
142.5053
109.7080
156.4118
152.9050
114.5040
74.3749
100.1247
120.8743
101.2121
176.2480
105.0712
110.2321
106.4456
118.2453
89.5745
99.4091
108.9384
120.2819
112.7026
106.3745
-112.4138
90.6942
128.3195
149.4768
87.6403
131.2859
120.8944
102.9569
88.8216
165.4367
158.1266
143.2850
165.9664
136.4254
-78.5975
101.2674
117.8329
105.3735
147.6133
133.7702
147.9393
163.0194
102.5802
115.6404
111.4399
143.9838
132.4384
99.1650
97.1175
-989.9728
132.9164
102.3623
121.8080
101.8940
125.4784
121.3676
122.2423
105.7687
106.9339
79.6317
106.0986
124.9776
-1005.8559
124.6258
125.2066
90.6608
160.2264
-97.0340
94.7577
113.2874
105.4847
117.2427
-96.6675
121.4575
136.0789
126.7149
143.0776
122.8321
161.1214
116.0043
101.4087
133.9678
138.1068
173.1948
131.3003
114.0307
97.9647
-71.0718
116.3916
106.8475
115.3794
-108.5223
114.0625
127.6043
107.3458
-997.5824
106.9729
137.5803
123.8853
-61.9363
158.5865
-72.9627
128.1778
113.4205
123.1659
143.8993
123.1928
152.4037
188.0589
122.5804
105.4205
108.0840
129.4142
-108.5673
134.6127
109.8840
122.2572
109.3804
-43.9519
142.4277
132.7142
38.0581
100.3743
117.5149
141.4419
197.3993
116.3302
102.9545
137.6748
110.6469
99.9461
108.9038
106.6261
112.3384
156.8200
40.5937
123.6987
96.8491
133.3020
123.1686
109.6408
111.4957
122.2475
113.5855
117.4907
110.1195
119.0891
103.7961
99.3157
113.3540
99.0718
-48.2943
112.0444
-66.5789
118.8149
139.7544
-50.8380
144.4955
96.4475
125.4563
111.0129
91.5848
139.7662
127.8862
-49.1381
162.9640
129.5337
112.8650
140.8201
120.4437
94.5684
124.8493
146.4631
130.8187
122.0988
171.3790
-78.0217
129.0597
143.6426
120.8215
125.5318
126.3468
114.7294
112.0927
86.3955
112.3213
104.9783
124.4683
110.8818
129.3829
-74.0251
123.9174
59.3818
114.6671
134.2358
-80.9394
111.7080
119.4407
129.6998
118.0346
122.6333
112.7420
143.2477
102.8362
91.4725
142.5474
139.5106
129.5573
117.5147
130.6619
139.8322
150.9077
123.2662
135.2178
123.8398
123.9615
108.2992
-1002.5119
113.9480
133.3785
142.3048
124.5551
118.9238
97.9828
132.1916
126.2559
102.6436
146.2481
113.7480
97.3894
114.7267
147.9825
110.6041
90.0269
33.7771
145.1447
160.7303
108.7348
140.1568
133.2446
103.6678
102.1887
115.5250
138.3627
97.3061
123.9250
119.8600
132.1471
100.0730
-1007.1343
128.3975
99.3895
148.9965
103.2711
-88.9138
122.5756
79.5296
136.8852
127.2516
119.3012
93.0637
119.4096
96.1358
131.2058
-100.3287
160.9563
121.0637
119.8169
80.6122
94.9846
118.1099
148.5514
145.9075
106.3311
139.2978
117.7387
106.2939
104.2806
86.1477
-102.6134
118.1543
171.1518
109.3970
152.2929
109.9922
-85.4623
146.6779
108.2263
111.6305
174.1709
130.3293
-71.0438
104.5163
158.0890
101.0519
145.3669
137.6513
125.3642
148.8364
104.6412
101.5652
117.1897
109.5729
116.7779
148.1335
105.1901
113.5383
129.7703
82.0409
95.8614
117.4077
120.4158
126.7170
108.8098
111.7523
142.9122
114.7801
110.2738
114.4258
105.2523
127.4139
147.4699
106.9377
137.6134
109.1246
175.1806
155.8130
126.1154
137.8961
117.2081
96.1645
119.0688
146.8711
104.1862
187.4423
146.9370
174.1130
-43.4919
111.7075
97.7164
89.5182
130.1271
125.3284
144.2608
113.3711
155.8997
117.6982
138.7231
126.5711
109.9877
124.4000
134.3926
102.9790
123.2312
114.2365
132.0438
90.5698
119.4634
33.1847
125.7375
133.4299
114.4489
114.9712
91.2216
101.5349
116.4841
122.7684
121.4870
128.1116
161.8085
130.2272
143.8540
110.3631
115.3594
130.7436
121.6623
151.9922
119.8978
15.9149
118.3690
145.5222
158.8293
131.7212
127.7675
106.0217
116.9583
107.7520
116.1932
-49.2733
137.1903
141.0284
137.2962
127.2284
156.9880
118.0616
127.2044
89.9450
120.4226
134.9444
109.9549
124.3104
151.6590
121.8082
110.3380
-72.3042
107.6400
111.1736
-55.7005
112.9458
116.8064
-1017.3717
124.7496
119.8251
153.0001
107.6659
139.9715
116.7840
147.4523
134.0227
144.4857
131.0752
100.5756
116.3641
-63.8464
138.6276
140.8542
-989.4820
132.1425
98.4411
-94.7626
151.8159
102.6290
180.7175
116.7235
123.9075
114.5457
93.1491
95.9398
124.2055
-121.0425
110.9109
-36.7012
89.3998
132.8001
139.8665
118.7265
97.4151
101.6069
158.2628
105.5303
127.8384
115.1802
103.8421
158.3373
118.9010
138.9095
134.3390
90.5370
-997.4615
117.9136
-117.3830
138.0435
120.1902
134.0025
129.7061
167.2524
102.4470
107.1887
143.8005
93.5600
139.1998
169.8939
-71.2099
91.4278
140.1160
149.7802
109.3302
130.2221
169.8195
116.2346
121.9054
112.6645
182.2518
92.9098
-101.4105
135.6535
162.9652
150.0389
-98.6363
122.2794
151.4656
129.5099
145.0286
114.0616
123.4889
113.3125
105.9260
118.0359
105.7617
102.8314
110.3685
149.9575
126.1574
109.1356
151.3665
103.9558
98.4497
127.5502
106.8812
114.7300
115.1836
110.0343
116.4498
110.1813
140.6275
126.5596
178.2529
147.9248
121.4036
143.8219
113.9834
96.8221
124.9229
121.0154
107.6856
90.3851
109.3186
121.0581
148.3340
85.0372
146.6721
126.9557
130.4507
129.7836
129.3072
129.7636
104.9857
119.2375
94.1148
137.0675
103.8160
103.8510
103.0188
145.9173
135.3065
103.9426
-68.6285
124.8278
137.7750
-30.4978
98.6928
121.6148
142.1747
122.9822
141.1817
125.4122
115.5395
146.4202
97.3822
148.9705
112.7579
-122.0156
114.3840
94.9538
136.1445
140.8803
98.6913
105.3166
89.2859
143.4512
105.1346
140.2563
124.8332
136.8331
114.4095
114.6659
86.7450
124.2678
103.4397
132.6728
127.8227
140.8868
-72.5906
113.1237
169.6448
110.3284
129.9031
98.9699
105.6453
143.1020
131.6101
146.5346
108.7476
119.8134
92.3659
140.0170
81.4919
120.4893
-80.9976
124.2894
119.9539
97.4003
103.6914
97.2670
135.2303
130.0224
124.4264
124.5250
115.7798
134.5052
139.8849
106.0956
151.8597
145.1930
121.1630
136.7266
-68.6353
124.1728
148.3231
89.9486
-85.1970
159.6382
145.6870
119.0653
127.0081
123.0921
87.1809
128.5281
163.1637
100.3051
120.0708
113.2040
-89.3764
148.0726
-1011.9824
118.0888
-81.1289
100.3719
95.2334
95.1062
119.1290
141.7573
126.0857
104.7737
117.5161
179.6316
122.4681
98.7071
102.2247
-43.3233
108.6373
179.7051
83.6405
119.2932
129.4709
84.7610
116.9446
127.4918
124.2368
87.8761
124.5453
99.0429
113.3938
-65.0445
93.7423
23.8172
170.7358
96.9196
151.4759
91.4311
126.9635
143.7400
148.6455
98.4666
145.9275
146.4016
124.1072
-79.9247
121.1030
103.6372
101.2722
-64.3228
44.2607
97.0874
85.4052
161.6685
124.8815
77.6445
104.3165
111.8112
132.1640
153.8256
115.8958
97.8411
115.3780
133.7635
153.3966
117.1727
136.9481
106.7705
118.6529
120.1198
137.3842
121.3538
109.1383
90.6010
153.4283
120.7432
96.4119
103.1451
126.1052
93.3606
28.5891
130.8022
96.0138
112.8049
107.3978
111.4400
120.4816
142.8060
117.2945
92.3068
125.4620
114.1607
146.5286
99.7443
121.7437
118.3977
136.6991
124.9959
89.5877
123.5328
113.9771
116.4475
143.6635
-98.0927
120.8494
118.5938
161.5622
150.4067
113.3923
92.0542
98.0560
145.7194
123.3697
117.1491
129.7031
131.3525
126.0221
102.3051
104.7760
121.4010
101.2490
109.9104
113.5254
110.0009
-1002.1424
143.1416
126.9549
167.3634
-91.1162
130.7584
111.1194
118.9143
120.3044
-55.1436
110.8932
118.4020
106.4625
119.1291
104.8885
119.1332
135.1616
152.5205
131.7605
125.5359
137.2061
104.0133
110.2620
113.9684
137.6276
131.6349
133.5659
130.2194
121.9149
123.2991
141.3676
105.4417
140.1639
101.5631
142.6775
128.9233
120.9306
80.5337
123.1266
114.4598
134.3393
94.6053
-998.9534
120.1483
101.5358
120.0215
146.5908
141.0311
172.2839
127.3165
88.2144
-118.4829
90.4554
117.2040
95.7928
149.0935
143.4110
141.9599
112.1902
95.8957
107.1566
105.6982
108.2536
93.3749
-91.9190
104.2639
113.6997
123.9520
107.8875
150.6616
91.4253
-70.7964
97.0146
93.5660
141.5189
126.7276
94.0964
111.6631
-105.3178
122.1025
132.3437
99.3807
44.0073
135.3246
132.7894
-109.3733
-984.9567
102.3624
107.7662
125.8225
116.6466
129.4258
132.5713
145.2055
133.6126
132.0415
29.9068
102.6127
118.5205
131.6528
-996.7869
100.9215
160.3941
124.9015
101.1262
157.8211
164.3376
108.5107
136.5914
100.5442
119.6024
114.1975
109.7868
116.9653
107.1690
103.6803
116.4308
97.5977
120.6438
132.8431
121.4706
132.1488
114.7338
136.5775
78.0069
129.7970
123.4455
115.7054
121.7463
126.9268
126.6830
90.2202
122.7181
140.6641
100.0927
121.5760
117.0599
134.8228
94.7515
129.2852
144.8464
149.7852
124.9523
82.9717
133.5716
-41.3934
120.6982
130.1929
25.4298
98.4052
97.5428
105.1653
100.7901
122.7050
144.6401
95.9470
102.5566
115.6900
131.3282
122.3125
135.6522
117.6507
132.2443
131.7037
155.8352
131.2067
120.2334
101.2090
73.9520
105.9594
72.6580
-69.4865
127.6455
122.5599
101.4730
150.9217
92.4983
149.1510
157.8971
94.4374
-1008.3902
138.0450
134.9282
99.5289
105.8475
129.2182
121.9170
117.9877
120.6590
118.8449
148.8973
114.6645
131.0402
114.4099
137.2320
144.4361
126.2344
97.9244
157.5645
-100.5236
122.9796
127.7422
116.1016
36.6029
120.3117
106.9867
92.7890
114.0754
106.3787
105.7445
135.6349
98.9100
100.8239
-65.4053
121.5887
121.7843
128.3224
137.2696
94.7075
101.9424
77.1688
188.1627
89.4223
116.2367
133.6866
119.5903
142.2693
106.3855
141.2951
102.1136
134.0745
133.0373
84.8688
84.2620
87.3043
122.1612
89.6905
111.3370
107.2989
118.1745
100.3368
115.4809
172.2341
96.4695
-78.2766
92.5970
107.9420
122.2984
137.1520
120.8207
106.4273
94.6938
113.6731
96.9804
110.6502
104.4443
129.7934
76.8899
126.9441
186.6958
-95.3478
104.7518
-79.1649
126.7323
118.9245
92.7858
114.9208
127.0213
112.7805
141.6684
127.5957
113.0861
100.9340
107.3783
123.4365
93.8858
154.2449
99.3547
127.6105
97.9045
110.4331
131.7785
127.9228
107.0633
135.7889
110.3338
157.2083
98.9747
115.5944
141.2235
140.1051
41.5011
101.7622
160.6514
131.6872
140.3402
114.5296
110.9249
120.4951
125.0470
123.3669
131.6033
130.7983
140.8616
109.6775
-106.2031
96.2382
133.8665
88.9606
118.9179
-987.1697
104.5066
97.7754
128.7259
123.3801
136.6649
137.5612
64.6883
134.3128
136.4858
165.8806
130.8643
144.4048
93.0598
134.3321
109.6190
120.3014
122.6040
88.6888
116.1760
149.7590
165.0987
105.9411
143.9383
148.4012
135.0274
113.7684
136.2440
140.2549
118.8280
165.4111
116.9453
123.6757
104.1818
-74.5021
159.6466
147.2902
144.3167
124.1639
163.8306
143.0562
-80.9577
-105.5066
90.0317
139.4469
120.4208
89.2538
139.5393
150.0341
114.1485
157.0660
124.1354
102.9753
127.4734
-36.5939
104.0047
107.5625
107.4783
158.0628
97.2251
101.4138
94.8361
118.1370
82.0429
117.2267
106.6124
113.1947
127.9243
143.8234
130.7475
150.0267
67.9047
125.7697
146.9882
127.0982
100.7144
167.6619
-104.4357
132.1437
128.4711
119.5331
-994.2590
172.5051
97.6481
117.8412
109.6537
122.5538
120.0387
131.2055
116.2513
123.9022
133.1769
114.0253
133.8225
148.7733
128.8586
140.6769
133.8597
119.2511
-57.8947
94.0510
83.5821
106.9168
126.0142
94.3295
125.8187
140.1308
108.7200
93.7618
144.8433
114.3888
130.0331
99.0179
120.3004
-79.7040
137.4832
127.2599
-990.8040
131.3699
142.7021
146.5828
93.6206
145.9119
126.9440
105.2348
142.3472
141.6742
106.7512
168.1311
86.2858
-118.3202
98.1601
136.8717
87.0603
135.8615
109.3830
147.5229
82.3012
98.4806
106.7722
107.1650
94.9486
146.7807
125.8259
112.0528
112.5585
115.6908
133.8549
121.5693
113.8042
156.0097
126.1215
147.7952
107.5450
155.3226
140.2075
113.8409
161.8787
100.7640
81.2483
141.4493
126.9585
142.0369
123.4939
128.2894
113.2277
100.3709
-109.1942
136.5771
150.4584
-60.8360
-1008.7324
171.3321
157.6304
118.1103
-73.0134
117.8615
96.9212
103.9669
153.7738
129.6739
110.1535
118.9398
119.7143
114.6011
-62.3399
83.9490
114.1243
124.3104
115.0085
126.2149
116.5802
96.2642
-85.1364
137.3646
120.4204
161.6360
113.0327
121.6249
172.1707
132.8699
105.7580
99.7480
154.0918
122.7496
145.8676
123.2736
106.0686
110.2356
125.7361
91.6042
128.3091
112.7602
131.5353
150.5180
111.9491
116.3918
119.8835
-1001.7294
114.7272
-104.9813
98.8379
176.5326
126.2203
107.3273
95.1610
148.7743
145.8416
141.8386
105.6739
93.7960
175.3676
148.6032
-1002.4676
83.8431
113.9200
80.7531
127.0498
146.4971
106.4625
100.9870
160.9604
21.1827
119.1577
114.5994
152.5850
136.7286
145.2108
121.2792
98.4413
114.8144
117.8938
123.6659
122.1037
107.7127
78.0872
152.2442
-64.1227
125.2241
132.5576
97.3816
-70.3367
119.7692
153.8164
122.8483
169.6702
116.0022
113.0725
135.4085
126.9505
141.6437
107.9001
105.8174
118.6941
88.5717
96.2494
91.3034
-40.3888
124.4222
100.5700
120.7479
116.0262
136.0062
155.0932
119.9673
140.9057
125.0300
87.0291
112.0564
109.1825
93.1727
126.4911
86.8245
109.2882
156.0752
100.1858
91.4171
-105.4741
147.1460
114.4970
74.3881
164.8729
130.2775
107.6714
115.5463
109.5969
123.8817
129.5869
141.4624
126.6228
-1002.8352
139.6151
138.6619
-101.1362
126.2524
94.6739
108.8955
103.7953
97.1451
95.9299
102.1787
117.2002
145.1425
-94.6951
146.0552
104.1301
134.4999
90.4941
136.0691
142.6247
151.7394
159.0798
116.2041
122.7472
138.1740
101.9800
119.6579
-39.6891
137.8842
99.4721
103.2369
129.1200
136.6860
157.6151
-69.0680
132.8062
34.5891
117.3261
125.7586
114.0102
102.2622
115.1704
121.2791
159.5272
117.6030
-88.0870
173.3969
117.4380
139.2848
83.6851
139.9666
154.6332
84.8602
114.1172
125.6599
85.4378
89.5098
101.7789
141.4892
88.1311
110.3301
111.5636
121.2633
103.5422
177.6310
110.1283
122.4138
151.9816
102.0337
148.1862
122.4832
107.9544
139.1739
83.4682
-109.9655
104.9355
124.1470
158.4685
132.3768
135.9983
135.8738
108.1636
132.6494
126.4314
129.3096
97.7437
96.2695
113.7710
122.8103
104.1590
146.1892
195.8521
156.7302
158.6518
118.4125
135.1233
112.1491
148.6119
119.0085
141.4778
167.9406
108.1731
151.0889
110.2915
190.0327
128.5100
103.3554
111.8175
149.9199
142.7722
84.1805
140.1188
110.1957
142.5185
130.2695
103.5750
140.3110
138.6291
179.5095
93.1482
104.6053
125.1342
128.5059
116.6069
115.2591
122.7074
112.5353
139.2616
109.0572
128.2163
91.8367
106.8778
118.1976
128.8031
101.9216
106.4797
141.6969
140.4089
84.6627
126.6414
101.8590
105.8379
138.2382
96.3170
75.0445
128.3190
166.2420
101.9380
130.1383
115.7205
106.9325
103.9867
124.9847
-1005.0678
104.1693
109.7452
151.1585
149.0480
122.0085
106.4184
129.7698
173.7262
135.4265
148.0107
113.8917
115.5585
103.9167
112.4937
90.0868
151.6141
127.9463
133.1281
134.6538
168.7078
116.3616
126.4963
32.0546
115.2262
106.2476
167.7680
149.2350
85.8063
126.9275
182.2757
101.8431
108.3192
126.4165
132.2079
125.7713
117.2038
121.8463
110.8276
104.7469
107.2425
94.7632
31.9604
99.0945
104.6525
99.3158
102.0196
90.4293
31.7465
123.4104
152.5041
153.1617
106.6921
103.9160
135.3082
109.0154
106.3969
121.6368
127.1742
112.5275
126.4894
163.8889
92.3150
122.5485
-998.6466
117.3208
91.0427
162.1220
123.5781
145.2289
133.4082
139.0544
166.9812
-53.2249
140.7815
107.1721
110.9883
110.6469
111.6960
111.1391
183.9455
144.2670
106.4999
136.9956
138.5753
150.7121
105.6137
135.3932
135.0319
103.3301
119.6106
128.7866
124.7544
105.0340
94.8104
114.0640
118.8043
133.5996
128.9593
79.9242
151.8425
126.8724
122.3967
132.5484
137.3944
124.5368
175.8156
151.8053
111.4542
124.2878
175.1965
105.6822
89.4795
100.8291
140.1354
99.0033
47.7964
108.8802
135.1173
118.8822
104.3478
136.3970
109.9245
149.2019
-998.5299
152.4171
124.1621
136.2808
138.0850
-64.2267
161.5160
137.4773
141.0699
100.9725
101.9428
148.8817
111.3810
128.2375
124.6427
79.8125
121.2345
122.7021
106.1766
87.4079
104.0280
108.7965
-51.0060
106.2983
113.7059
165.3441
82.0604
177.0611
136.8000
109.3973
115.7282
149.3464
128.3618
85.9636
127.6055
92.3511
141.3307
116.5581
93.3574
108.3337
101.9106
132.7234
130.9150
153.3432
108.9078
115.5988
106.7225
82.5193
131.8038
105.1818
126.8133
119.0728
-89.1311
149.1210
131.8847
80.2485
113.2595
128.8077
102.8091
111.3071
108.5399
132.0519
-87.6945
151.5937
142.4366
156.7627
92.3029
122.5526
189.8441
80.9750
132.7605
134.2960
113.8279
-90.2382
114.9605
128.7165
108.1836
-1006.0016
119.9361
107.7225
172.6382
119.6060
122.5288
134.5532
134.9704
118.6027
138.3223
157.8392
115.7044
106.6566
124.9027
162.4654
103.0273
158.5573
104.8786
151.3225
111.0524
123.1345
118.4399
118.0372
120.6836
115.3115
94.5546
145.0991
130.4160
112.5790
139.5162
110.6780
124.8501
138.5798
167.6667
103.4768
127.3032
118.2066
105.3463
-86.7075
133.1205
91.6039
91.5734
125.8080
120.2622
127.8165
-94.8563
132.4598
100.9233
115.6831
-79.8551
107.0941
113.7651
85.7007
119.1740
120.6435
102.9066
92.9568
109.3769
125.9917
144.2684
84.4364
99.1310
116.6016
137.3444
142.6621
82.6943
80.2534
-101.3660
117.0606
143.5981
-68.3515
34.2806
133.9320
124.4789
121.7692
98.7164
128.7301
127.9572
125.1780
111.0913
141.5577
29.9437
115.5907
158.2289
158.1127
130.4003
118.5853
126.4498
106.1777
104.3088
86.8052
159.4775
-103.9271
96.1409
121.4036
22.8744
-53.0986
97.9238
137.9359
135.2471
123.3525
-38.9697
-53.9244
125.9306
105.4453
130.1075
145.8494
98.3467
125.0966
146.7132
116.5409
115.5421
135.0308
-97.1534
150.0796
161.5607
116.6530
93.9721
107.9389
88.1881
148.3336
131.6605
106.7445
101.6564
137.3017
143.9463
139.2560
104.3092
104.1421
160.6679
155.8442
105.4520
111.3475
135.7952
120.1467
129.0877
138.5220
133.3795
107.8155
162.5156
130.1563
125.5260
108.8153
137.8770
123.5504
104.5204
120.5522
153.4677
133.9580
146.0167
122.2735
116.7374
170.1516
126.0315
-1011.6409
119.1806
95.5866
-991.7442
118.9758
110.0094
96.3229
98.6350
95.4026
119.0311
150.4135
120.8546
142.4725
106.4557
102.5531
126.2786
114.6057
107.3313
90.7916
136.4745
131.0130
192.0452
127.8336
128.2467
149.8231
108.3987
104.3438
108.1883
-82.1713
135.2982
144.4060
81.9692
119.1593
104.1687
125.8609
95.3216
122.0792
136.8543
143.9179
153.4492
132.7632
107.4076
135.4463
108.0133
124.1018
138.1886
113.7355
116.7727
110.8089
115.5126
92.2131
168.9672
121.9285
132.2276
110.1422
157.5108
137.4812
128.1348
102.5488
137.8488
115.0355
135.5247
101.2908
105.6368
113.4544
-36.0990
129.7604
112.3154
138.2406
106.5239
118.9629
125.1697
151.1759
108.2940
118.7120
98.8945
-104.5526
126.3999
145.8950
127.4402
101.6394
125.8230
104.6024
183.1955
131.8994
149.9732
167.6529
110.3781
94.0705
131.7356
116.1000
126.1824
116.8906
130.4232
136.3988
134.7654
115.8601
26.7918
125.8099
92.5081
91.9163
123.8830
138.6345
163.9219
-1018.3696
91.7141
146.8511
-54.3141
141.4942
131.6305
117.3685
130.0641
114.2068
133.3565
83.2992
113.5191
110.5860
107.7586
86.5593
152.5937
105.2408
141.1072
109.2973
102.4054
37.9357
129.3564
124.8761
122.8299
90.8316
130.8428
145.4280
105.5469
100.5793
85.9104
-63.6828
104.6256
129.7219
106.7295
134.6324
121.5831
156.7791
-41.7689
119.2014
91.9484
-63.7818
145.5895
120.5234
104.1445
119.3110
157.7707
123.6241
135.6172
82.9456
107.7187
132.1556
68.8976
125.6256
133.4039
120.1137
128.4202
119.8149
111.2813
124.4203
115.7451
122.6417
108.0663
124.0573
123.8140
-982.4872
-72.7535
97.2554
-94.8672
138.9378
107.8131
121.7337
109.2676
84.8212
115.3430
134.5540
118.6637
156.2526
-48.6974
102.3442
141.6857
141.7636
-1005.2168
124.9969
104.5537
145.1598
141.5985
120.4586
109.0489
133.2868
110.0479
112.7469
111.2438
98.1302
99.9304
156.4515
118.4892
112.8726
115.8263
165.6140
140.3587
129.9864
140.6984
105.6363
39.7972
139.6735
111.5485
108.4543
90.3093
114.9297
129.9224
38.4437
109.0750
125.8770
127.7823
103.2201
149.2082
106.3999
134.4187
142.5670
131.4326
148.9722
143.8973
172.0900
132.6683
137.5071
109.0987
117.9591
94.2857
109.1176
136.6023
71.9909
112.6099
128.1903
157.3190
156.3308
147.0624
124.8128
128.1872
130.2945
72.8772
87.3562
120.2579
115.5396
125.8715
88.9215
109.7897
70.5233
97.9273
117.7283
175.4631
125.8963
138.5099
129.1233
137.4934
124.4088
139.8887
152.6220
-60.0699
90.9017
93.0336
123.6962
101.9191
110.9913
94.3088
108.7441
155.4332
142.6753
107.2139
116.5653
118.0704
105.4594
135.7429
119.1782
128.9786
101.9075
132.7019
123.3745
120.0613
142.9892
92.0339
104.8112
141.0213
156.4125
114.4995
118.6611
130.8378
137.6457
121.3804
105.2271
128.0304
128.5486
143.7684
139.3068
88.7096
128.0147
117.7040
103.5104
87.2883
137.6712
120.8801
132.8028
157.4964
103.8199
137.1890
131.3306
126.2777
115.5738
98.0250
110.9728
126.6456
120.8303
124.3225
132.7953
145.2315
144.7288
120.9696
116.9721
100.1120
125.3934
136.5914
118.0245
118.6981
122.9117
113.0761
165.3308
110.1912
102.7804
129.7424
108.4064
106.0109
136.8431
107.0411
144.7811
156.6713
109.5414
116.2742
140.5143
-1001.9688
126.4884
128.4642
134.6667
-63.6429
-60.5844
-74.4878
116.6117
99.0501
174.8218
-77.5908
109.7449
137.0972
106.5565
-90.9777
137.6476
146.8133
146.2677
-93.1089
118.8932
132.3178
130.4001
101.2739
118.2986
153.9014
129.3436
144.1573
144.7209
154.7193
112.6042
123.3862
108.2168
109.0221
97.0291
115.4193
-113.2260
121.3905
146.6970
115.1860
126.2748
103.0362
126.2526
119.3300
99.6617
117.6184
131.9066
138.7364
143.7158
131.4308
132.6970
136.8427
102.0648
109.6752
108.9464
98.5770
94.1055
170.3452
107.9065
-75.3267
-53.5095
118.5565
113.4999
176.8835
138.6060
109.1669
87.5524
155.1590
131.4122
-66.8836
142.9742
145.3995
-52.6580
97.5953
145.2738
135.5644
100.1716
98.7061
149.1546
122.1580
118.7328
147.6274
104.5931
103.9855
137.8084
90.3951
115.5358
136.8392
117.2570
173.5267
144.7362
94.0888
97.7767
132.3930
120.2681
125.9499
133.8165
88.5640
96.8511
140.5975
102.9103
140.4021
93.1306
117.0589
105.4033
162.6582
85.9135
134.9671
146.5180
162.4590
76.3636
117.9751
103.5398
104.6554
111.9379
117.0534
84.2360
156.9958
111.2401
123.1915
123.8455
105.5166
87.8124
126.7752
107.1298
135.3430
150.8742
152.9018
125.1127
133.3962
116.3233
86.8966
102.8980
99.1500
128.3300
167.1451
116.8232
79.7730
97.8455
131.5268
129.6388
146.4577
105.4199
134.4622
113.8583
94.8290
103.9994
103.4937
125.1406
110.0540
119.5108
113.5414
133.8789
125.2679
127.2136
107.5036
-102.6828
-73.3939
94.9297
98.1968
143.0320
145.6508
150.1904
87.0331
148.1811
176.9792
109.4391
135.6650
140.0254
120.3846
152.3615
111.2936
121.2225
-113.3537
80.8578
162.5741
146.2253
114.4654
92.3191
96.0393
93.9262
112.0505
104.6867
156.9608
144.8484
165.4111
116.2918
133.0205
116.5863
-38.9686
132.0331
104.1133
-61.8341
131.3781
109.1745
-90.4549
88.7812
123.5561
125.1965
119.9924
149.8892
119.9582
167.7743
126.9825
101.6924
143.1492
107.1965
130.5819
146.3971
112.8207
101.7106
148.7741
108.3531
80.9429
-976.0664
94.9126
124.9353
126.0050
134.7631
170.0043
109.1241
-104.2864
20.9137
143.5321
129.2937
118.2954
169.6441
153.3229
152.4246
116.0413
116.0032
137.6215
96.7047
137.6511
116.9918
104.2672
119.9928
132.1839
124.1146
144.5578
112.7505
28.9724
141.7292
108.0437
87.7102
114.5652
112.0239
114.3385
167.7159
115.9705
110.9172
93.6247
142.1299
127.5991
132.7954
130.7266
127.2902
99.5746
102.9984
144.7019
128.0790
143.1151
110.3053
135.4747
173.9615
111.6787
95.5051
150.9167
122.6488
117.5516
168.3779
102.2564
115.0934
162.3851
95.2348
137.1770
149.3522
107.9835
-1015.3180
126.2453
133.6224
136.6048
-94.3844
132.6987
103.9706
125.4234
117.8351
115.5271
117.5493
125.9738
165.1883
101.1757
122.9564
115.1323
-93.5146
96.2855
89.5378
123.2313
132.7003
134.3088
104.7457
84.9501
118.4682
119.4925
130.1072
128.6970
118.6510
111.8100
77.7048
86.2585
134.2013
121.1991
135.8659
101.1980
113.0420
132.1007
113.4509
138.6128
-1004.4365
113.6585
146.2264
112.8454
122.3802
135.7196
120.9230
137.9487
-67.5725
144.0057
-72.4874
-92.3362
88.0404
102.4525
105.6253
-95.3270
124.8886
-1002.6898
-38.9354
107.7901
-101.3840
151.6186
154.5361
105.9581
112.7904
147.3042
124.4460
181.2612
122.9799
149.2673
115.4187
109.0381
124.2113
129.3991
126.7764
90.3162
100.1112
153.5152
108.3351
94.5731
129.0253
91.4280
103.0298
101.0056
135.8764
138.0592
121.1242
107.1636
101.0948
138.6551
133.4369
124.0613
118.8814
122.3509
91.5447
118.4534
96.2686
155.2195
-88.3521
130.3265
102.0239
129.2610
134.1624
-51.1486
117.9960
150.0408
-53.6014
139.5367
126.5034
-50.0887
143.5644
162.9337
-55.8165
158.8531
139.7013
126.9204
74.9035
175.7584
130.8612
119.0861
140.3409
164.0965
92.7777
119.2774
138.0522
115.5666
111.2008
94.4549
144.9314
108.2536
122.3196
105.6719
113.5136
103.3189
113.5941
100.9325
107.6287
126.6629
164.9797
84.1474
116.5661
116.2738
119.3483
75.0090
116.9958
123.4249
103.6407
-42.5152
140.4554
148.8238
85.0274
121.3315
162.0719
127.8894
124.1316
125.9598
168.1434
116.4317
114.1177
16.9244
134.8850
104.9261
106.4075
145.5753
98.2066
124.9194
111.7659
99.9099
130.6766
136.7502
98.7176
121.1693
123.3337
127.6068
91.6323
102.3893
107.9040
90.1549
92.0583
93.5313
142.1654
79.6764
79.3311
-93.1199
115.3200
-88.5921
103.0509
134.1082
135.2035
105.5934
100.6258
128.0972
77.1230
108.6624
139.0137
129.0206
124.3656
131.8239
97.0283
107.4064
109.9317
128.6732
121.6862
128.4344
153.1699
109.1738
102.5479
61.7647
104.4974
139.7045
121.6718
116.8809
136.3582
119.6925
112.0733
-79.6642
141.9046
118.0775
99.0532
32.2656
112.6752
116.4621
-113.2454
131.4087
125.8292
101.6255
143.2889
86.7133
100.4776
121.4689
106.7341
139.3806
135.9375
-95.9460
-1012.1187
103.1229
120.0257
95.2765
140.0635
119.7098
111.7281
177.5096
-101.4805
127.1017
93.7301
107.1211
139.2888
123.6610
143.8555
116.3299
106.5888
137.3015
103.9487
119.8017
106.5009
147.1127
120.0854
132.2228
144.7481
109.8464
137.1069
95.8805
153.9753
84.9717
110.3496
140.2728
88.9661
121.4498
166.9252
111.7384
120.7875
135.7042
100.6858
113.7092
121.3175
114.3120
132.5703
156.0827
119.4667
139.2727
138.8214
106.5688
102.0574
99.5218
177.1664
94.3554
112.2479
166.2924
114.8016
143.3696
139.9693
109.9659
75.4216
146.9072
102.3647
101.9677
119.0707
143.5164
103.6743
87.4493
120.8507
121.1630
124.9989
91.1532
144.2557
126.5713
167.2184
133.9425
115.5600
137.1680
82.5902
101.7707
139.0746
118.5121
-99.4783
97.4178
129.1197
139.6310
127.8213
140.6056
99.6875
151.8206
126.6971
106.3226
132.5169
101.5628
131.7085
92.6521
-62.4699
34.1110
139.4309
100.9119
131.1623
105.7625
103.6936
134.0052
117.1230
128.8963
103.5740
89.7593
119.2155
127.3188
106.0247
124.0709
106.5314
127.2013
141.1788
134.0352
127.3937
86.3595
98.0961
111.0649
102.2297
-105.1720
146.8553
98.3398
119.5570
96.4022
121.5956
145.5308
107.2103
122.7344
121.6653
130.9403
88.1667
143.5105
112.6995
128.7807
101.0793
121.8788
136.0772
142.4710
131.2365
99.5680
136.1208
146.6319
120.9647
161.4265
102.6582
135.1570
122.8261
139.6361
106.6456
70.3835
115.1235
157.3389
108.5949
112.0261
127.7870
-118.6951
104.0628
112.6675
125.8996
111.8018
107.7760
142.6026
140.3235
134.6021
134.8968
-79.7475
119.5779
146.8573
114.6075
117.8583
137.9096
121.2432
142.1246
134.6412
127.9125
127.7610
-70.1591
91.8742
28.4028
98.7393
107.8957
151.7504
91.9680
113.6623
-106.4586
125.9603
136.1165
104.9541
86.9736
130.9954
102.5044
120.9465
114.2326
136.9095
83.2556
116.2951
-91.8124
106.3617
167.6482
111.6807
136.8080
140.3020
123.2373
106.1449
-62.8746
101.8381
131.4332
135.6223
114.5402
111.6341
116.5349
131.6869
142.2721
142.8409
135.5849
97.0954
-90.5299
160.9711
110.5049
87.6794
130.2899
159.0927
101.6852
83.1962
132.5780
77.0598
134.7338
133.6177
108.4088
136.3750
112.0503
162.8966
110.6553
85.6323
155.7197
127.3883
131.8858
150.3844
135.0770
123.6331
95.1801
88.1442
66.2515
105.9854
160.1649
108.0806
127.1671
102.0744
112.4237
168.9338
121.3994
132.3196
-106.4397
99.7065
23.2124
134.5476
100.7249
141.9029
107.8930
137.3284
132.0437
110.9599
96.3337
129.8070
125.9906
122.7533
114.9843
110.2296
170.0732
125.6061
106.3680
121.4807
126.3833
108.8558
171.2452
113.1186
98.8087
137.8769
121.2536
132.6870
133.7407
121.9390
134.6967
142.2592
139.5129
114.4625
114.1765
88.0666
167.3839
110.2676
116.2337
103.0297
110.1859
120.1295
130.0726
149.1816
128.8775
108.3083
101.7141
42.7457
96.1864
131.3298
116.6967
166.9047
134.8149
115.4284
134.5219
-990.6997
82.6764
110.5615
121.5747
139.1077
115.8931
131.6384
104.3596
133.8512
136.5522
128.2050
74.1226
96.7958
119.3968
148.4184
85.8068
111.2989
135.4244
148.2134
107.9687
115.4718
75.7930
133.1606
149.4774
110.5605
118.9340
152.0863
-109.4307
112.7346
148.0762
143.6365
108.0567
135.1885
117.6179
131.5741
117.5810
142.5160
89.9442
138.7596
109.3491
106.2272
132.5590
135.2189
118.1465
130.0425
177.6721
141.3317
88.8525
121.7020
87.5225
81.7906
129.6022
87.2128
122.9445
116.3062
133.4755
99.0551
-37.2256
115.9803
-91.0280
106.6700
144.0866
150.0035
-116.6853
111.2484
95.7045
84.1168
143.2232
-110.7400
144.5744
114.0496
-116.7923
144.8238
137.1230
137.2962
95.2650
95.3198
-44.5216
117.4463
102.7793
150.5834
113.2868
109.2758
130.1154
110.9633
81.6762
90.8759
79.1401
90.4341
133.8440
141.9673
99.8261
96.1370
85.9795
130.9994
-991.9654
159.3028
145.7298
161.0052
156.3494
155.0192
100.0962
138.8501
-92.1045
115.5927
-91.0948
120.6194
133.5478
116.7479
98.2597
125.0550
-50.8805
91.4409
136.7621
102.2815
121.4382
95.7838
124.6620
113.0586
92.1294
102.7730
95.0029
151.1011
114.9274
100.8177
107.0327
83.9064
131.9394
138.5221
154.1728
130.4465
118.5954
88.8877
142.5372
113.9129
94.5608
156.2720
101.7786
105.8841
44.2578
102.2735
91.4350
153.9618
134.5960
138.5628
137.7575
119.2804
102.2446
88.2853
153.6529
80.5201
102.1129
94.9295
118.0018
-101.0517
166.4434
148.9305
160.0260
111.9020
105.7091
165.2198
165.9346
-112.2961
102.0547
107.4118
100.1757
147.6263
112.0028
-109.7412
87.9590
71.1122
141.5417
111.4975
100.7206
115.9491
84.3931
111.7366
130.5550
107.7267
91.8592
132.5409
181.9057
86.3050
114.7634
110.1394
157.5145
28.1116
127.4159
95.5217
156.7220
75.2453
-67.1746
129.1167
121.2742
138.0527
96.8134
121.3155
107.3647
-57.7502
168.7316
122.2452
142.3277
149.3246
95.7938
109.5348
145.2135
126.3908
138.2636
110.9995
120.5854
118.1007
112.3288
125.3791
103.2899
105.7880
147.7352
115.0417
154.5072
117.5735
-986.7330
-36.5087
122.7266
133.1327
128.6232
109.5613
95.3054
107.9193
108.7017
132.3005
122.9117
126.1002
108.3748
95.5941
120.3055
109.2689
126.9833
114.1178
119.8220
114.5226
135.0427
129.6843
103.3529
93.4570
130.7488
123.4477
146.2821
147.3386
-75.9527
113.1439
26.8856
109.1312
169.1426
114.5590
145.0609
100.2119
128.6893
119.1312
150.8957
121.7206
109.0961
94.2494
117.8774
109.5647
104.4416
120.1964
99.9788
104.0005
133.0395
145.8786
129.5032
117.8770
144.9603
90.2328
114.2879
112.2077
110.1395
101.9457
139.3825
95.0977
105.2920
118.4399
97.2664
171.5857
136.4079
140.8530
102.7979
117.1809
91.6422
109.4047
136.7945
91.4709
137.0150
132.4534
134.3463
132.8162
104.6520
137.1326
119.8927
114.8616
112.6152
108.9170
151.7116
111.7565
94.4826
114.6967
107.2756
107.4889
97.8689
119.8626
120.0632
81.3399
124.5984
137.6553
128.4967
130.0849
130.0065
111.4320
91.8243
118.2452
111.4946
131.0709
103.8152
126.3149
113.5710
91.3041
143.5769
119.2832
119.6968
120.2994
-101.3735
94.2180
115.8168
112.4315
154.2855
126.5725
146.1742
117.2108
137.8507
100.7844
138.4226
121.0292
167.9764
105.6917
106.0649
100.1501
137.8639
119.1306
-86.1844
101.3476
130.1173
146.1000
89.8882
119.6769
100.2423
149.4291
153.5625
130.4246
83.3754
109.3876
87.3548
110.2526
135.4514
128.4571
101.9978
130.5130
100.0432
140.4933
133.8691
126.4231
168.3458
126.9203
114.9990
120.4882
94.2022
109.9203
-96.1917
116.3203
97.6545
107.1788
146.7606
111.7627
175.0594
106.1086
104.6932
147.3213
150.2374
118.1810
109.7147
106.0572
134.1044
-80.1972
118.6006
128.6150
95.2584
31.4920
96.5150
94.4956
156.0627
106.9077
151.5485
161.4945
100.4595
152.2333
99.3744
140.6448
139.8385
163.9062
28.7481
160.5957
116.8703
-102.5712
138.9152
144.9379
137.7023
122.1162
90.8014
108.1041
128.8829
89.6394
92.4062
156.9070
97.4459
128.6649
132.7765
115.3141
126.8350
105.8864
112.2140
-87.6989
135.8228
-109.4939
104.7281
109.9107
155.6857
128.4826
119.2084
132.6237
116.4462
139.7616
134.1473
142.1538
146.6641
89.1089
125.4769
89.5655
165.0396
115.6460
-104.8222
134.8716
118.6927
116.4526
115.7052
141.7701
107.8810
131.2806
109.7739
100.3260
87.0099
84.4652
122.7659
110.2575
115.5769
127.3002
178.4340
147.0292
163.2685
117.8521
157.4289
116.4611
133.1301
90.2736
105.1432
125.8161
118.8346
110.6230
148.5365
93.4588
136.3971
-34.4241
133.2718
112.2833
119.1895
110.2673
125.8346
121.2704
35.2685
79.5737
129.2853
107.8261
148.3129
130.0796
109.6474
82.9226
126.2345
111.4881
114.4076
119.4951
99.7241
140.4352
-108.1593
158.6074
106.7599
89.9197
115.4787
111.0693
98.4755
125.3891
120.9176
104.8542
136.2070
92.6627
86.1556
101.0394
136.4392
111.3100
151.0119
130.7259
121.2420
132.5045
196.0780
107.3548
139.4642
137.7760
140.7329
153.7584
75.9094
116.3056
103.1609
133.7434
174.7153
169.2183
113.0840
149.1896
42.4726
95.6030
106.4532
22.1381
130.1020
105.4008
111.1165
96.7934
114.6204
117.7983
100.2583
127.1297
134.0545
116.4483
128.0934
121.7741
142.9148
125.0245
165.1084
107.7460
128.7309
118.5902
104.8175
133.5531
107.4509
118.7402
116.2260
106.4333
164.6010
120.4777
139.8650
97.7586
115.9568
136.7193
139.8048
115.7225
139.3376
128.3686
128.5209
102.1635
89.9457
118.8767
-95.0394
113.4313
138.0737
111.1291
126.7886
93.4260
123.0361
146.7818
97.5825
-99.0187
118.5441
150.9439
148.1728
102.0232
101.2132
136.0394
117.8899
92.6054
127.4322
129.1574
150.3441
-113.7544
95.3212
134.0220
125.2519
89.9241
124.0412
144.3692
152.2463
113.4138
112.8863
100.4440
107.0570
123.3059
106.0914
-104.0482
116.2188
112.1999
118.9909
81.9898
-94.8599
123.7671
135.4477
153.9048
131.9852
-96.1574
140.9540
119.9478
96.6460
114.8949
168.0248
106.1359
116.5340
130.6873
96.3187
148.8987
130.1175
-122.0543
97.9958
132.1872
129.4484
124.5865
114.2032
173.1939
122.2158
102.9150
-108.5871
154.3424
115.6743
114.5254
114.7102
-96.3585
125.0301
120.3839
166.7275
111.7263
131.2648
120.9264
91.2762
-41.6042
126.3208
109.1563
147.2048
127.3985
126.1730
121.9863
79.1480
107.6717
84.0485
115.4773
112.4805
114.1032
100.0763
135.3746
153.3148
114.5032
119.0640
139.5801
105.6417
142.8378
107.9614
111.6858
80.6194
119.9457
120.3408
152.1714
111.0573
118.0055
148.0841
116.4997
77.6775
100.7909
82.7938
94.6458
106.7254
131.1860
131.2444
135.7019
123.7777
114.1050
127.7133
88.0949
157.0891
-50.3392
117.8533
118.4871
132.8579
116.8099
107.0633
83.7631
118.7178
-52.4916
126.2921
95.4916
133.5023
81.7605
124.5173
82.6158
103.3936
135.6289
147.8315
148.4498
-46.2857
154.8784
162.5764
123.0066
96.4664
98.5510
120.5687
135.9577
156.2924
130.3998
122.2646
120.0330
102.2731
116.3626
121.9507
116.2936
130.3790
132.0348
-1001.3999
127.2844
38.0051
122.8397
116.2325
-1009.2643
120.0529
121.3762
101.2388
102.1069
151.2828
121.2262
141.2677
80.7465
110.1975
122.8560
109.4148
-93.4078
106.8488
113.5923
100.2940
143.8452
122.0344
112.4388
130.6228
119.2929
132.8549
117.0873
106.4536
114.5557
154.1276
-995.5816
127.6510
-105.1529
146.4671
144.4185
156.9495
126.9796
132.6567
104.0525
126.9879
113.3586
111.3926
109.4213
92.3628
126.3817
121.5872
101.4113
134.7194
88.8050
119.1958
159.7590
119.4246
117.9948
117.1162
134.2335
121.2504
103.1892
113.5018
178.1702
94.9366
93.2756
123.5181
96.2107
148.2521
99.0835
108.1118
86.8478
121.6182
119.7218
121.1079
99.8151
106.3440
123.6016
101.7304
137.7095
129.9003
79.4433
93.1600
151.2742
104.0535
112.6047
124.1076
-94.8281
-103.2732
86.6476
139.7728
133.8559
112.9879
115.3773
83.2798
143.8170
82.7819
108.8627
127.5398
116.8684
88.9437
163.2228
127.1405
151.0578
109.5406
127.9321
113.8598
144.0363
107.7850
142.9977
143.4292
117.1479
86.3689
110.3528
104.9943
152.8677
138.8344
31.3482
110.2711
139.4432
128.9647
141.8329
97.4556
162.4428
108.9941
123.1008
117.8126
103.6533
105.4230
125.9705
101.5870
97.7838
83.9733
139.0759
96.4461
122.3367
98.5504
116.4568
96.8537
122.2553
145.3585
108.6959
94.5907
102.0815
123.8912
131.9034
132.9380
138.5499
100.2892
98.5453
117.4388
108.7266
111.1118
143.5606
76.0144
103.5580
99.4496
92.7122
98.1297
96.1279
110.3059
74.6950
142.0197
88.9331
116.6849
96.8061
132.6269
126.2538
113.3389
111.9129
-66.2202
-1015.9446
188.6465
92.5911
97.5762
82.0848
115.0519
133.4179
129.3008
89.0676
116.6473
109.4956
131.3902
144.8407
111.9663
139.4223
120.4306
84.1470
118.4778
132.4813
155.7799
142.5394
110.1474
109.8080
111.8288
113.4247
126.1600
140.7102
-1012.7788
150.6992
95.5145
91.8305
133.8201
134.9548
124.8457
149.9101
-999.3957
98.7398
144.4560
175.7838
149.0412
101.1756
96.1783
126.1562
159.5290
135.2890
125.3019
-85.8085
115.3878
84.7648
119.0692
130.9330
136.0387
109.9971
42.2709
139.3985
100.2336
116.7360
146.7088
146.3468
158.4106
113.1819
112.3631
128.3940
129.4017
104.7023
126.4310
-56.2009
-92.4672
139.7896
113.3817
99.1256
125.2220
107.8990
101.0723
148.9935
122.7226
127.0278
160.9685
124.4130
125.1716
133.3897
110.8701
114.5237
123.2650
163.4448
117.3675
113.0109
139.3771
105.1437
135.6235
-1007.1713
116.8611
146.8598
142.7035
133.2046
-38.2825
95.1411
110.1137
160.4703
117.5585
63.9904
114.5105
123.1276
91.1700
117.6423
115.4829
118.5976
135.5536
130.9616
126.5914
150.9918
142.2400
147.4686
35.7400
-100.1272
92.7987
146.3861
122.2969
122.3064
156.9808
111.8837
-86.5983
121.1988
-103.5717
94.2540
34.8221
96.4602
128.5727
-105.3478
-95.5136
119.5232
111.2890
108.8676
114.3447
106.2672
87.2597
106.4428
123.3767
90.2264
135.1871
88.7676
121.7208
106.4827
103.5804
138.4913
134.2674
195.3067
96.5858
52.1258
-993.0921
132.4114
134.4824
117.3452
112.5565
145.5175
153.7662
131.8622
87.5802
142.7464
144.0784
106.5283
122.4993
120.9214
110.1426
86.4188
104.2100
100.7152
88.4383
168.9782
96.1748
149.8694
194.5825
-66.9383
106.5615
130.8259
117.5578
125.8142
110.3151
101.0823
106.0453
125.9897
121.8030
134.6499
136.3182
109.5311
134.9003
132.2674
90.5465
137.6205
-986.0455
119.6228
-997.4021
-96.9870
129.5032
120.1328
129.3921
122.2269
127.0947
132.9115
126.6515
-118.2645
145.1134
132.9350
106.6454
116.2524
152.1704
145.4499
112.6585
112.5203
121.7786
97.8658
100.6406
107.4563
116.7792
122.1682
98.9988
117.8692
157.6842
129.2640
116.6968
162.3376
139.4192
106.7775
89.3666
134.3695
150.3502
116.9368
128.5220
125.0225
131.7784
137.9373
133.6822
111.3283
147.8426
105.8482
117.7344
116.8228
133.3280
139.1461
129.5673
150.6017
114.0484
76.8199
133.9389
137.3223
94.3092
130.6746
121.7106
124.5615
105.2738
107.9531
108.9026
120.6071
102.7221
129.0320
129.8014
150.4731
135.6299
153.0049
102.6118
113.9163
133.4220
136.7695
128.5750
117.8770
116.7714
128.3436
120.3202
126.0509
-100.3188
99.7439
147.1226
121.6615
125.8954
130.6073
141.3083
132.4998
132.7940
68.8798
21.8953
109.1843
146.5519
163.2116
112.5323
122.3553
124.9352
134.0124
118.0454
111.8970
132.5862
105.9996
153.9905
141.0738
129.9491
162.0407
50.5657
141.2094
89.0624
87.7806
91.1638
-44.1903
131.2763
135.5048
116.4564
111.2188
109.2751
107.7792
135.9109
117.5501
152.3385
120.3733
142.8266
115.0136
120.0136
101.9081
144.2437
-63.8568
145.1918
149.8641
127.3555
131.9409
137.7442
165.4837
136.7703
122.2655
144.9832
92.4715
131.4175
106.4850
111.5155
118.1766
97.2222
114.1546
-995.4525
142.0002
141.7691
-55.0892
111.4993
101.7145
141.3127
118.1020
48.0534
125.5436
103.1450
106.1206
128.4895
139.3890
-95.4923
85.3974
124.8084
95.3076
121.8284
134.2306
142.4706
-991.8810
-66.2525
106.0433
136.6939
114.5956
101.7390
109.7417
102.6290
100.8379
110.9294
112.0714
120.3211
119.7640
111.3392
-1008.1901
111.4563
116.3591
-51.5162
119.4947
-991.7702
74.3577
120.8077
130.6141
-117.4113
94.5029
121.1600
129.3212
135.3269
-84.0797
131.2853
127.3206
136.3161
68.3625
88.5980
113.2422
118.6571
88.7311
150.4755
152.5069
184.5938
119.0503
125.2649
139.5902
92.2666
132.1362
120.5268
116.1033
108.2077
-48.7996
125.8149
85.6811
127.2377
116.3955
129.1306
138.5035
130.1749
150.0063
107.2775
70.2175
118.7254
112.9021
114.0165
116.4051
-1006.8480
134.5397
105.3029
103.3522
-989.7645
145.3111
120.4683
-995.7982
110.8999
142.1342
113.8529
101.3322
124.6934
109.2416
138.1438
142.0542
121.3351
103.3950
104.6842
132.8428
103.1549
114.5494
149.4954
131.1114
104.8734
123.5664
110.6976
77.2121
131.3649
101.8209
102.8993
90.7189
104.6709
130.0850
129.7820
105.6217
137.4118
151.8005
117.8192
94.6661
98.0293
104.5171
148.0289
119.2768
114.7717
119.8604
114.2429
121.1484
120.3254
113.4699
25.4617
116.0351
116.4799
110.9817
123.6889
138.2598
134.0560
105.3866
140.6645
-89.8234
151.9170
130.3095
139.5983
136.8575
115.6499
148.8133
132.4856
99.6950
108.2905
112.2638
98.5371
148.2179
107.3899
110.4222
125.0538
117.7920
91.3951
137.0447
95.7798
-26.1047
113.6766
106.8850
75.2952
117.6697
120.7967
95.8443
150.6861
-997.9699
125.4420
116.1392
133.9627
160.3067
120.8394
130.0786
114.2206
95.6020
155.2646
100.1001
140.9612
155.3164
90.8030
120.4288
-57.2607
98.1531
137.4376
171.6539
157.3061
101.1495
177.0361
125.5490
111.2027
125.7286
136.4396
133.9162
97.4892
129.9270
144.7507
125.5351
105.5387
125.0774
131.3026
111.9477
112.2903
137.9575
141.2696
101.2127
129.7597
98.2487
-1005.5020
142.2308
107.0962
121.8243
136.6796
117.9216
145.7669
98.3812
109.2805
151.6947
122.6662
-58.9033
75.1129
129.9268
143.6722
125.6483
110.1796
111.8295
135.7519
137.3950
106.8504
-106.7175
152.5789
122.2231
100.2301
116.0449
110.9284
-98.4029
137.4734
-96.4101
119.1587
90.3944
97.4580
119.4192
130.4306
102.8847
145.2080
141.8700
124.5521
81.4983
142.2145
156.0672
121.1013
90.4420
-88.3480
113.8033
93.7294
116.5679
99.9525
99.5753
128.4240
113.1299
123.7155
142.9935
130.2847
95.7651
157.9054
117.6336
116.9606
142.1687
161.6429
111.4349
103.6892
120.3808
90.3430
113.9171
141.9493
98.1642
127.1668
103.8883
90.1259
108.0352
110.2790
96.6381
103.0354
120.4470
94.4659
173.4654
122.3040
178.1293
-51.0571
131.8145
128.3244
131.7713
114.2748
124.1234
121.0533
118.0941
101.3895
186.6402
125.7706
108.3791
129.5755
127.1643
-104.8344
146.8833
124.7507
95.6702
98.2189
115.3182
154.1979
142.5175
112.3901
119.8990
113.9911
111.1143
120.4823
123.1285
151.0853
148.8352
87.6525
89.8129
125.9505
140.7757
126.2161
102.2038
97.6667
183.1939
131.6205
119.4497
113.1025
160.0627
145.4540
104.1765
119.6570
148.2748
119.1708
107.4905
143.5025
155.2085
103.5159
126.5086
121.6026
119.4100
87.3272
86.1610
114.3460
124.3321
116.2492
148.8864
160.0609
117.3612
145.1305
132.6107
-36.6319
146.0646
104.8418
84.2307
106.1163
137.2894
107.3772
104.0424
161.5833
95.4611
118.8250
127.3264
124.3576
112.1079
127.3179
111.4990
127.2183
119.6586
116.4422
128.7025
134.6978
147.5685
-57.8890
90.2365
-94.5100
162.9129
142.4096
114.7060
123.7440
132.3462
127.9810
105.7428
122.9436
103.5321
122.7771
-75.4048
-85.3133
122.4536
120.6551
115.3583
146.5987
99.7767
168.1028
103.0880
99.9497
36.2050
148.3912
121.6574
126.9472
151.4510
114.5835
127.7427
116.7156
106.6812
-94.5432
100.2383
136.3812
127.9142
140.4426
100.5917
105.2765
128.7493
166.4674
-60.2455
135.2799
149.0724
134.8792
118.4861
129.2629
136.0567
139.7969
130.8405
130.3844
78.0704
126.9912
113.5021
103.4658
107.6587
-987.5888
117.3747
127.6301
154.1853
132.7061
133.7093
125.0415
120.3967
-83.5828
151.3610
95.2457
157.8986
130.1459
147.5466
140.6972
122.1867
131.2823
138.0913
161.3233
106.3704
152.0720
98.3715
97.2521
116.3545
103.5505
109.8459
104.2280
133.2140
120.2245
113.3321
139.1955
116.4739
111.9121
119.7647
109.9751
98.1389
-87.3902
104.9036
92.1788
123.8402
114.7304
121.7305
123.9459
137.0243
108.4680
135.6503
104.4484
97.3733
116.9520
100.1968
118.9399
115.6378
162.8056
85.7784
111.5926
109.2573
144.5579
116.7317
143.0770
75.6806
126.3445
106.3382
-77.9572
114.0765
105.1012
129.4032
109.0646
106.7361
135.0507
118.5159
124.9322
160.5000
19.2067
117.2394
126.0722
119.8637
127.4982
148.1440
133.9136
117.5249
170.1734
102.5800
106.6684
108.9971
114.7353
84.5670
94.1396
131.8726
118.4856
153.9967
132.6310
107.1514
118.3300
119.8210
-989.8298
92.5701
114.8934
109.3109
92.9279
97.9484
125.4606
113.1266
124.1709
92.7148
114.0118
128.9036
-47.1794
133.4726
133.2281
131.3131
90.8405
114.0102
113.3731
141.7500
115.8055
125.8438
130.6538
109.1428
129.5794
104.0616
-69.8003
125.8674
130.2566
140.7101
119.3139
89.7148
125.3163
90.3955
91.0232
122.9829
108.3565
-996.2367
111.7841
143.1716
128.3166
116.1738
145.0557
98.7760
125.2659
88.9039
114.3731
82.9710
-43.3297
112.5407
135.4594
120.8506
115.5259
-73.9353
119.1680
184.2688
172.6353
167.1154
181.0016
125.6029
126.0717
108.1448
110.6254
88.6556
87.9393
165.8403
117.4811
108.3647
128.7162
101.3303
142.0754
161.1481
-94.9720
78.4385
140.5024
121.4755
107.8509
118.7741
112.8164
159.7725
124.1435
-104.1326
115.7864
-71.1652
123.9528
153.2902
129.7447
137.1643
181.9596
142.6542
108.1433
130.3870
141.0340
133.8793
118.5190
129.0727
134.5594
163.1072
90.1288
103.5689
113.8693
152.5146
27.5602
94.1164
130.2892
147.1933
106.4002
123.9015
118.3638
138.5467
137.5964
116.2729
144.0017
89.2385
131.4286
114.3193
137.1046
-983.0065
163.6311
106.8375
91.9765
114.5098
158.7614
130.4125
107.2280
106.0988
-34.9388
101.8633
111.3143
132.1578
126.9106
-102.2144
134.6775
135.5532
110.7515
93.5190
95.6380
138.3360
137.2769
104.1808
-85.9393
126.1644
142.0264
137.6940
97.8428
140.4924
143.3693
148.2573
151.8276
112.3093
103.3041
117.5056
140.4261
-106.1329
143.3664
93.6150
111.7484
108.9202
102.7630
119.7251
108.8508
108.9795
113.3719
142.5568
145.7288
126.4866
119.6198
153.7937
93.5589
122.8365
146.7464
112.8737
-45.7109
