53.2819
55.9891
89.9454
64.3440
82.2334
67.2016
63.2844
89.2184
85.7539
55.7090
74.6455
80.4564
81.9568
71.5054
46.9839
96.3475
63.8510
84.2736
49.8906
70.3701
77.5824
46.2092
94.1589
57.4327
87.1245
53.0158
70.4815
61.4155
57.2331
43.5788
48.2802
96.2178
45.4172
67.1731
62.9960
64.4663
119.5781
84.0697
64.6289
84.1790
60.8979
77.8050
53.9153
71.4171
79.5749
72.3780
87.2114
41.4417
62.6301
73.4145
65.1672
53.7587
82.0734
65.8406
77.8679
73.8513
48.5979
71.4907
46.6990
62.9330
85.6583
75.5047
79.6975
107.8180
48.3246
66.6967
70.7792
67.7443
87.9643
47.2932
59.2969
94.9748
84.8857
61.2649
69.1566
94.5160
79.4433
71.5630
82.1859
58.3982
60.2243
74.7746
67.7306
71.2897
66.4829
56.1923
66.9630
57.3614
89.5604
86.3754
60.1312
64.6115
61.4115
61.9466
74.6319
81.2842
73.2065
78.2239
54.5760
56.5567
83.5398
73.6348
57.5154
73.8373
59.2773
77.3203
56.1736
93.0050
72.6342
71.6064
91.4142
77.4274
92.4424
56.0933
87.7237
66.2554
74.9614
97.0513
52.7081
47.4573
74.1146
35.7030
89.2633
88.3834
74.4274
72.4880
66.6942
62.3029
100.6407
53.7857
91.6771
72.6375
83.7297
61.3329
57.0929
84.6686
76.0127
71.0801
64.7754
40.2392
50.8293
73.2539
65.9685
75.0309
64.8746
26.9910
59.9306
56.6602
50.0399
73.6100
87.5283
83.8691
61.9975
68.2748
67.7490
68.4354
77.2012
48.8976
60.4271
33.0127
50.6470
74.8648
69.7104
35.4397
88.4860
102.5644
70.8393
53.7946
98.7597
76.3122
46.6810
38.3383
107.8695
88.1872
66.3579
83.5083
66.2555
51.0856
79.1029
65.6130
60.4140
88.4977
65.9736
76.2366
67.4796
54.9318
66.4879
88.6660
49.0847
39.2971
62.7533
85.0974
51.2152
-1012.2846
79.8515
73.9084
87.9592
77.1937
33.5761
67.1094
84.2132
73.8264
28.3296
-1002.2696
64.4005
90.2814
41.1849
72.0026
82.7651
64.5213
83.0088
81.2495
70.5890
86.9139
72.0579
78.0741
66.8015
62.1547
81.2048
80.2462
65.7511
80.3051
78.7002
52.7573
51.3848
66.3361
71.5823
79.4507
75.1278
70.0069
64.8689
25.9987
33.8189
60.1925
67.9170
46.9153
67.8291
43.9820
86.9600
60.7779
61.3114
87.9054
59.0560
69.4987
77.8228
53.2163
82.0819
81.6896
56.0050
63.6760
71.6718
71.5504
53.1882
61.4840
49.3187
73.2214
66.4702
61.0685
60.5533
95.0440
93.4399
71.5667
78.0399
81.3765
65.0182
62.8622
66.9527
63.7409
66.3324
87.5880
-11.2097
74.1104
79.6091
73.9194
56.1866
70.8540
87.0973
60.5164
86.5313
77.7831
98.8030
48.2481
71.4998
65.6854
70.2522
83.8423
61.7357
78.1606
55.3691
74.8233
-1003.1186
62.0075
89.4667
85.0508
8.9477
52.9838
50.8918
77.1364
-991.2433
66.0466
86.1574
78.5050
81.1489
55.9418
37.8516
16.3737
65.2306
70.0403
55.9691
78.1220
55.8534
69.2461
49.1494
58.2318
86.6081
66.2098
62.9250
78.2869
10.2909
53.8339
67.8090
78.3233
75.4640
67.0464
74.9160
87.0870
59.6354
71.4991
83.3289
78.1314
65.2071
81.0457
78.9424
53.6550
63.9209
68.8683
66.9502
84.5188
50.8668
69.8721
69.3067
91.5855
72.2870
87.7802
64.1545
97.0577
-1010.4942
91.1218
38.5444
95.5333
60.4477
85.2377
78.3251
69.5380
69.2257
53.2937
33.5142
92.3091
55.1017
98.6495
72.9819
82.2568
80.5374
57.3720
69.1709
29.4008
90.8989
84.3069
39.2582
45.7720
67.7987
89.0290
62.9629
68.8242
84.2143
65.3600
58.9339
72.2977
67.8651
68.2689
64.5978
6.5628
64.8224
70.5100
80.2604
69.8043
74.4742
68.0552
97.2085
71.9371
57.6663
78.6565
29.8121
69.2458
42.3317
69.0876
78.7102
90.5901
55.0708
77.1533
61.7345
76.4710
92.9270
65.6469
71.4723
84.1327
74.3173
78.5657
80.7460
72.5037
76.0596
56.5228
64.4597
75.2064
55.8401
53.0812
90.7961
42.1955
69.4776
79.7052
93.8973
81.8173
72.1174
44.4098
54.7575
95.1796
56.7948
68.0424
61.5255
93.2790
88.6956
61.0944
83.2061
66.0728
54.1573
66.6843
79.8609
78.3898
65.4069
73.5106
122.8953
87.6252
68.2088
64.0052
96.4515
67.4855
60.4598
46.9429
70.6775
72.1455
25.2965
53.1518
87.5337
73.2200
47.5737
83.9894
55.1930
86.3357
71.6786
73.4556
75.2605
76.0919
86.9004
51.6632
96.3410
78.9063
62.7331
45.7996
53.4819
62.8417
52.5394
65.1458
54.0851
67.7893
52.9219
79.4685
63.5831
82.5648
90.4973
61.6600
84.3355
71.9998
59.1991
78.1165
60.9291
85.5854
84.2806
62.1441
78.1556
62.3892
64.2968
60.9946
64.5163
69.4164
55.7333
82.8798
76.1418
55.6129
89.3875
83.1328
73.9559
68.1338
67.5739
72.3946
75.5145
46.3140
56.7180
63.0281
82.8794
83.6486
96.0162
65.4565
59.3325
56.0851
85.1013
73.7833
70.3823
99.2909
43.4951
63.7754
79.2032
55.3306
51.6413
62.9270
61.1240
59.7844
51.2005
76.8521
61.1355
62.3075
56.8695
105.0553
44.1438
73.3457
108.6828
78.8308
98.7016
78.2782
73.7949
63.1318
53.5711
53.2764
85.1056
73.6675
92.0637
82.5251
62.2806
72.7086
73.2394
39.0773
29.0451
80.8988
68.5367
82.4600
87.5551
67.6382
82.2244
90.3939
68.3013
65.9748
46.5767
35.3429
70.5215
69.4774
67.2022
38.4080
57.5185
53.6993
75.4457
97.8137
91.2427
95.5136
64.8903
65.0887
67.7841
75.6815
77.6558
62.5969
54.4114
75.3365
65.9862
-1012.5347
67.2066
68.0225
101.1897
102.7750
57.4364
66.5229
82.1949
67.2690
42.7569
77.6284
70.3737
39.9392
78.8917
86.6082
86.0612
72.7929
37.5041
72.8236
54.2779
71.2382
114.2957
38.3221
71.7875
65.3646
71.0771
43.8748
64.4414
58.3548
79.1054
84.5426
54.5079
59.5800
94.3702
78.1587
80.0992
78.0126
58.1808
70.9746
54.1837
62.8379
77.6591
24.7326
59.6568
46.2888
60.4986
50.9503
59.9953
84.1362
70.8719
64.6619
103.9722
78.1278
94.2438
100.7695
85.7398
90.4082
69.1095
62.0953
57.8903
68.9053
85.0715
64.2563
83.1915
80.3928
55.9358
44.1797
88.1900
51.4798
70.9740
29.2243
59.7094
63.0595
69.3723
58.5713
51.9872
67.7133
61.1857
66.6478
52.7556
42.8623
56.3859
82.5132
65.1378
62.6394
110.4598
74.4456
57.0422
57.9165
89.9051
86.5433
65.7614
74.3270
60.9747
75.3602
79.4506
74.7195
54.7563
84.8605
83.0655
64.5713
86.7685
83.1505
85.9362
60.6607
80.2500
45.0413
36.9992
80.2468
81.3694
78.2738
75.7651
71.6191
65.5981
75.9287
56.9443
33.1808
81.6831
82.2492
68.9709
66.4041
91.1101
56.4586
82.0477
101.0402
57.9147
80.3325
68.1500
68.6809
61.2179
49.5475
62.9997
86.8909
86.9916
82.6692
72.4455
70.8406
78.0949
56.3576
72.3694
78.4225
70.3762
83.6137
77.7601
64.4624
107.9980
78.9884
64.9788
59.1531
63.9789
79.4789
77.1434
61.0051
59.5364
68.5492
59.3052
85.4207
73.9266
75.2441
73.7689
66.0238
66.3917
71.7525
58.2098
51.3320
71.2505
79.3063
80.9479
79.7098
68.6067
66.9819
88.5526
62.7731
63.0705
-992.8811
72.6245
83.0332
68.9839
80.8296
75.3564
69.7954
59.8352
67.8535
48.8396
69.9396
75.9961
69.4328
69.8024
91.0814
52.4026
46.3684
56.9035
79.1513
52.5844
78.0864
79.7607
53.5253
64.5730
104.9970
62.9344
87.4343
81.3632
75.0819
58.1505
50.0058
103.4217
86.3274
52.9146
71.4112
60.6378
66.7397
99.6362
65.7504
75.4648
81.8800
121.5931
81.8124
56.2113
32.6726
41.3728
54.3761
70.9782
30.0631
96.6529
59.0271
106.1107
49.1266
83.2920
64.6402
74.3067
71.4731
73.6929
73.0807
78.4213
83.6250
70.4965
71.4758
76.3508
46.8701
73.3048
74.7245
47.1881
83.8155
75.5069
84.4672
79.3331
65.3071
85.6779
92.8469
30.4004
76.0126
76.3863
46.9221
51.7114
59.0418
72.3932
64.2217
54.0561
59.8476
47.4190
84.8760
92.7163
72.8651
85.1570
63.2379
80.0697
65.6996
72.2273
76.5580
55.9919
68.3810
81.0032
70.7046
89.8758
68.2975
42.9247
74.7658
76.2579
77.1347
24.9526
75.5149
57.2769
55.6118
70.3584
91.3325
61.8892
72.9841
91.8028
63.7718
56.0524
35.0944
66.3981
82.5563
47.0301
62.7583
87.4174
46.1859
74.6072
65.4739
57.7150
68.8985
75.5899
72.7926
67.8503
57.4303
51.2156
78.0256
74.8782
80.9675
80.4701
97.1847
69.3710
61.0212
82.9200
72.5919
78.8265
81.1110
76.8475
83.5880
76.8842
59.4267
73.1684
56.2113
69.5562
60.8790
56.0162
82.6680
75.7668
54.9447
62.0280
96.8084
70.5550
74.3943
85.5529
55.6565
91.4890
52.9213
42.5911
71.2149
76.7034
2.5056
86.0474
92.8872
30.4379
73.5856
72.5591
38.0604
91.5527
57.5119
43.3408
80.6166
38.7976
61.3288
49.7971
58.6693
46.5668
60.9086
66.2651
54.1226
47.3159
83.7912
71.4349
80.0250
69.6220
66.3376
76.1979
64.5657
82.4497
44.3394
50.2805
54.7419
42.5998
57.0175
65.9145
59.7962
55.6860
61.6723
83.4174
80.1423
33.9348
42.1480
100.2088
68.5059
87.6833
78.6761
92.3412
64.2947
56.6822
41.9791
70.4236
77.5169
86.2175
54.2883
80.2689
81.4603
102.1452
81.7236
70.4446
48.6470
67.4878
72.6883
66.3270
74.3464
69.3956
74.8958
68.0174
76.7785
62.9955
80.8093
68.5507
59.8412
93.8314
49.2295
72.0721
56.9685
37.1421
61.6589
60.2510
73.4793
53.1775
66.3078
65.6709
76.7138
65.0723
66.2920
45.6042
53.5308
84.4756
47.8808
71.5691
74.2290
80.1309
86.4318
90.7157
71.0791
67.8463
92.2134
45.8237
46.9237
-1002.9580
80.6723
85.7364
91.6797
24.3778
64.5860
87.1715
73.3013
91.7203
57.0910
67.6888
61.8530
54.0770
95.4831
85.4025
66.8428
89.3691
70.1451
77.7435
61.8327
49.6708
61.8579
71.5048
70.0063
80.6478
71.4341
91.0850
75.5489
55.1931
65.2279
88.4407
68.4846
65.1019
80.4620
97.6069
-999.1019
70.5960
57.9920
57.8994
73.2907
75.1822
59.2719
67.5392
35.5778
77.1729
32.2366
86.6409
75.5663
73.0760
58.0619
91.0043
113.2275
58.4042
54.7908
79.2616
68.7792
-13.8666
19.7661
75.9112
70.3699
51.9731
75.7880
49.1320
77.3266
97.1448
72.9399
57.5851
54.4811
74.8680
66.1556
29.1496
60.9881
74.8295
62.9740
82.9229
86.0013
72.8451
68.4835
79.3340
77.1975
77.5883
66.1243
88.1779
63.3254
81.5929
86.8265
84.2124
59.0796
90.5308
78.8865
83.1050
48.2398
52.4172
62.9431
72.1066
55.4957
63.5243
89.6714
74.8443
75.2364
56.5906
65.9324
88.5108
64.1753
56.5374
60.6873
74.5680
39.0656
72.2661
53.6316
87.5417
68.0723
70.4355
101.6732
54.4051
76.9012
61.1975
75.7306
55.8419
76.7269
68.3458
93.0911
58.8835
48.2380
50.3350
69.7385
33.5246
58.2509
66.9116
50.5587
79.6243
61.3270
23.7504
81.8245
85.2198
78.9660
73.0256
64.0036
76.4792
57.5833
76.1660
88.8568
79.2057
32.2401
75.1341
92.1358
58.4479
71.7909
45.1141
44.0904
72.1623
61.4851
97.3734
41.0148
42.1212
56.0346
58.9180
81.1165
80.6398
70.4524
69.7213
66.6183
56.6765
90.7246
57.9172
60.3863
46.5685
80.6662
61.4384
93.5879
65.1022
72.0083
65.0692
53.1730
77.5579
62.2877
76.6798
55.8816
74.3396
66.8495
53.5685
70.8015
73.9254
77.9771
85.9340
105.0361
59.5166
58.6457
58.0673
69.7317
88.7566
67.2489
73.0936
115.2756
88.7657
-994.8458
53.3387
76.0745
65.2999
70.3847
78.1678
70.2179
54.0047
71.7350
56.7974
79.8811
47.1828
61.0462
86.0943
74.4367
57.1372
62.0206
59.6594
75.4398
86.0158
56.6122
74.1401
68.4684
69.3773
75.3308
65.2714
72.4851
61.2558
71.6045
56.0535
88.9163
82.7644
77.7730
54.1866
104.2964
94.6211
36.0848
97.8156
60.9543
86.6345
91.1291
24.6937
29.0466
62.6560
102.1287
52.3296
39.9135
81.5253
68.6250
78.0632
89.4034
71.8931
66.7561
78.3716
31.0934
37.0098
18.0454
49.4138
49.9505
60.2393
54.9513
46.2930
47.0023
58.6835
100.6148
101.5134
44.9668
59.6090
80.4620
-5.3289
66.3175
64.3123
78.7091
72.0408
65.6469
68.8391
88.4004
52.1625
61.8470
83.3737
55.0777
43.6405
70.0316
106.9630
87.9224
14.8833
77.0712
64.8045
74.6971
64.6184
73.8229
66.8603
34.7336
51.8164
69.5657
51.8421
43.5773
72.7654
73.3309
74.1179
107.0135
82.2582
80.2243
89.0899
85.9032
79.7800
68.1999
89.6515
45.4628
67.1414
72.7523
56.1324
46.3260
64.9214
51.8749
29.4373
72.7086
82.8876
74.9395
83.6747
80.6967
-978.4041
57.4408
80.1582
42.3426
52.8382
55.0186
80.3258
71.8161
68.1250
58.3883
78.2018
70.1312
75.9080
39.9810
71.9908
82.9110
70.2017
61.7454
73.1580
66.7785
89.6779
76.4993
72.6882
79.8642
56.8623
104.6953
73.0243
66.7166
101.0329
43.3338
55.3320
-1025.3934
69.3512
61.0116
64.2708
71.0522
70.5633
93.7429
74.6375
54.9896
89.8127
69.4074
52.4954
72.0257
38.8443
51.4440
69.7287
87.4512
84.6669
50.0322
70.4773
90.0573
64.8983
71.5157
72.1275
68.4233
37.2962
67.4091
37.6229
92.5196
57.5699
95.6186
15.7818
77.2085
83.4686
31.2122
94.9549
66.3258
44.3795
79.6614
31.4947
61.4822
61.0727
41.1009
76.3294
72.0875
87.4145
98.3801
72.0164
82.9254
81.4096
75.2145
86.4496
36.8278
93.3410
64.7286
52.5324
52.0506
59.7794
85.6863
63.9757
39.6842
43.6169
52.1288
67.9280
39.7830
81.2010
81.1537
73.5222
18.2711
-1001.6095
72.8970
96.3791
70.6769
43.9864
58.2294
39.4279
82.9134
44.9350
74.6815
71.0216
68.5482
73.8911
98.7943
67.2069
63.5116
28.2721
48.7054
55.1471
77.3068
76.8341
78.0504
39.7177
99.0112
66.5420
44.7038
91.0461
96.0139
86.2922
37.3705
63.4047
65.6990
59.6196
70.7714
69.5484
64.5467
63.8247
68.7919
74.7460
80.1641
44.7834
63.8490
69.8245
50.5469
49.4370
48.9033
53.8169
88.0186
90.7627
93.1072
44.0310
72.7157
49.9136
83.1230
77.8368
67.7177
81.1596
91.2017
64.8107
72.5554
79.4997
76.9646
72.7257
102.0679
75.6319
69.1084
87.9025
71.3741
81.6780
52.0065
46.7700
73.5781
73.4093
66.8571
68.2268
80.4015
85.7169
76.9428
73.2217
83.6464
90.8830
61.6030
119.1855
60.4751
74.4376
109.8580
63.5755
63.6134
53.0192
90.5702
36.2884
73.0386
65.1205
67.8909
87.7840
92.4302
118.3640
40.0394
68.4065
82.3287
50.2289
57.8854
81.2188
70.1239
45.4140
50.0444
66.5402
100.7885
65.0870
36.8292
31.8198
71.4403
48.3741
28.2553
57.6150
77.0591
16.9125
67.7508
61.2496
79.7271
34.1808
46.6435
99.6389
73.5039
85.9594
74.3134
61.6537
66.3079
7.1383
57.3557
58.8146
56.0008
73.3339
34.3876
88.4308
60.4466
74.9541
90.9307
63.2841
43.3006
-1000.7486
49.0149
36.7636
68.8989
70.2592
72.1161
73.4462
83.4244
88.3063
74.2587
42.3091
60.8375
53.2379
77.3480
82.4167
-1009.4962
74.6728
73.0408
59.1432
68.8293
71.5738
96.7565
74.7536
55.7895
71.8215
82.6704
54.2796
64.3647
74.4792
67.5177
60.4214
70.4437
77.4912
76.0557
43.3118
62.6934
70.2504
46.3094
80.1006
69.5106
38.3525
28.1320
70.2905
-978.8198
53.5986
73.9145
50.6645
95.6361
49.5464
73.2331
43.6487
63.7011
73.6039
56.0767
44.3150
57.7007
86.0071
76.8965
54.0888
70.7617
69.7092
64.5945
80.1899
116.4055
61.5235
68.8658
43.1385
65.7302
93.8400
71.1227
69.6701
-1012.1259
71.0903
50.4632
63.2930
71.5261
68.6522
108.0294
44.6692
71.8919
64.1856
95.3423
67.0631
62.1329
84.1341
73.5184
64.0658
60.8655
74.6293
65.4590
102.2843
49.5276
94.9703
61.4514
71.8634
79.8037
88.4714
100.9476
44.3212
55.6186
79.7862
23.9406
54.7696
74.5864
41.2929
84.9525
40.4485
83.8566
79.4731
54.7657
62.4782
105.0267
72.0480
87.5577
66.9219
68.6340
88.2959
73.4029
72.1551
71.4179
71.2762
85.2508
63.3447
74.1550
74.9863
61.3697
69.4115
82.9360
37.2555
51.7450
41.9446
82.8010
47.7484
79.0009
79.7426
75.5920
83.3610
57.7390
78.4199
79.1327
86.5894
74.2873
104.0516
92.7120
73.4404
65.4483
59.5194
87.0496
54.8390
49.8842
61.2697
57.7961
95.0439
62.7517
11.8401
44.8369
82.6596
91.7373
71.9900
62.2380
80.5554
94.3566
49.1818
65.2778
61.3967
42.2616
80.2389
65.0711
45.4603
68.5144
89.4706
81.1277
63.7044
84.9497
39.6465
65.0916
66.1768
67.0065
68.4934
67.6998
81.0831
42.0238
65.9769
71.2753
84.3009
82.2316
105.1406
73.0991
39.9884
72.3933
63.7800
78.4193
54.4637
63.4098
77.0832
71.1983
64.2625
95.0957
67.5163
76.2285
44.1108
19.9177
54.5524
74.5016
81.0695
53.7868
88.2204
83.6980
71.2362
56.0717
59.0460
83.8007
71.0579
62.7504
89.3176
41.7954
61.3917
58.6286
61.9543
62.9102
80.1394
46.4982
66.9277
53.4503
87.6693
-985.5641
68.8812
83.3803
76.8528
42.6717
56.0461
84.2422
55.2957
42.8943
86.2475
84.2521
50.4504
63.8932
68.7287
52.9031
124.2068
87.0574
43.3986
68.9767
69.6395
62.3467
53.8618
67.6549
64.4866
79.2426
57.3242
66.0365
36.7454
82.4827
61.3692
66.4420
76.9385
53.0728
73.9747
79.7818
46.7164
86.8257
63.9199
57.0579
55.9247
76.6774
52.7238
69.4844
92.4269
86.5829
41.0121
77.0427
72.9869
57.7153
91.5843
80.1213
83.9658
37.8364
70.5007
82.4525
79.1101
90.1127
72.1705
57.0522
89.5869
96.9043
68.8386
99.7249
63.1825
60.1694
68.1188
62.2205
76.2814
79.2281
82.3033
44.9523
70.4385
64.0989
59.7199
80.4936
67.1327
77.2605
68.9890
89.3610
93.7423
83.3271
58.9912
65.7283
76.6318
74.2672
55.3987
35.5722
78.7214
58.3735
68.8641
66.4246
109.7864
59.0573
60.3803
70.7979
40.5736
76.6708
88.5239
67.6987
77.2023
42.2480
13.1637
60.5417
68.0101
63.9707
61.8718
70.3003
69.7157
87.9541
72.9829
112.2892
67.0159
52.9468
84.8602
78.9875
64.9040
83.3921
54.1170
65.2528
51.8679
83.8412
51.3538
101.9691
59.0757
29.3047
78.1015
77.8668
86.5246
87.7666
43.4911
87.4858
39.8432
18.9813
47.6400
76.6575
78.1129
80.8119
68.3312
85.6467
77.5615
56.7202
66.0404
81.6528
69.3936
75.0275
47.3966
92.6198
76.1858
-1006.8894
78.1597
81.5960
97.0197
69.6712
79.4007
75.4812
64.0314
71.9538
77.5029
41.1814
45.3210
63.2252
46.6832
66.2135
57.1147
72.0646
83.7098
65.5991
90.6107
77.9987
56.3138
21.3154
85.3700
67.1198
75.8683
86.9982
44.0794
62.3733
74.4962
64.2147
60.9534
90.4952
58.8648
71.8856
85.9600
84.3918
71.3305
48.7422
68.0230
52.1688
48.8249
69.3768
60.9269
75.4549
77.4344
38.3761
64.6780
73.8480
49.0070
97.0246
87.9211
63.9387
58.8063
81.4743
70.6806
38.5626
71.0319
68.4278
36.2269
55.1833
68.2937
51.4710
66.5583
66.0841
77.9518
50.3837
30.0672
74.0947
77.7399
78.3253
55.3652
86.4551
73.0490
56.2874
40.5517
69.7962
54.8851
66.4627
70.1885
63.4933
97.8954
73.3252
78.2089
78.8653
61.7734
43.8663
75.9504
75.0585
55.6514
59.9746
75.5850
60.3507
48.8378
75.2691
54.3223
80.7545
82.3291
73.8259
60.3183
85.1565
37.7376
81.3249
75.4847
67.7845
46.7635
53.2227
52.7833
92.8949
68.5043
83.2851
65.9251
83.5100
49.7235
82.4529
83.8784
66.5757
37.9028
61.6804
68.9362
60.5338
81.1271
41.5387
61.8240
58.8323
55.1702
77.7606
59.3668
57.1536
35.1774
76.8743
59.4497
69.6772
77.4348
81.5200
86.4765
78.4535
73.8420
54.4521
77.3357
-1003.3246
93.2724
57.5606
71.4356
33.9346
75.9185
85.9128
73.8250
77.3252
88.1164
64.1598
57.9309
86.6900
66.6968
12.3090
71.2026
93.6171
90.7622
64.0524
90.2520
73.2018
110.9954
43.9942
70.6508
58.2572
72.0160
55.9152
71.1557
58.4036
88.8335
82.2836
76.3649
76.9090
59.1692
36.0429
63.7170
83.9463
77.5130
62.1775
48.3600
68.0684
74.2644
77.9416
107.8938
73.6135
72.0123
73.9461
87.0160
74.5749
69.1343
67.3998
90.6088
73.5854
93.1772
58.0590
79.0813
67.6331
60.4506
46.1643
75.6813
75.7546
61.8660
64.7036
47.8140
80.4327
95.5015
75.5794
76.1887
54.0084
53.0976
38.7872
85.4128
35.9194
78.9024
58.2645
62.7042
88.4345
61.2187
72.1872
79.7353
68.6505
74.7682
69.3415
96.3958
62.5542
85.7281
91.3595
66.3847
74.4310
56.5329
78.4939
81.6941
85.3879
49.2669
65.3439
81.3881
75.5283
70.0419
82.5075
64.0919
97.3674
70.2874
71.7763
52.2750
77.6530
53.7919
32.9107
77.9473
61.6769
72.5766
61.9252
61.9688
65.0215
37.6376
65.1245
62.9311
-10.4991
45.8767
53.2076
54.3663
63.3085
75.7315
80.6596
95.0853
70.6665
72.2465
48.6432
89.5969
71.3421
72.5984
68.9452
71.6181
79.0957
52.2383
76.9902
56.7861
85.0033
49.3083
64.8047
68.6561
66.6078
55.4800
79.3414
-1013.3847
79.2389
66.6422
86.9467
83.8586
75.2913
71.7604
73.5760
42.2981
38.6842
28.9664
76.7816
67.8726
73.3958
54.8204
85.0777
-994.9653
75.9935
90.6437
62.6074
52.3696
66.7923
80.5232
79.6430
64.8613
45.0981
57.8601
41.3707
55.3655
27.9363
58.5783
92.3792
77.1114
90.7818
66.6383
69.6193
72.5926
67.1075
79.1842
72.7586
83.3822
87.0507
76.5784
51.7489
62.1870
70.5451
40.6750
71.1184
62.9138
64.1353
83.7310
86.1659
70.2654
85.9485
73.4287
98.8509
64.8013
49.4534
67.8482
72.3937
79.3715
66.7682
84.3361
62.8843
72.2172
60.9192
77.5655
77.3775
67.8848
83.0574
62.4222
72.2736
68.4146
54.4827
75.9700
77.7567
62.7064
70.6976
63.1037
58.0837
35.5320
93.3265
83.0544
58.6353
61.3675
65.5321
62.3511
64.0890
52.0845
55.0022
69.5400
65.0411
73.0080
74.4783
73.4291
69.5165
65.8085
88.7087
54.8113
54.4406
67.4112
-1014.6424
88.0743
77.8722
67.1452
65.8913
62.2011
69.7887
59.5531
48.1658
59.9327
79.7901
46.6328
75.9559
76.2849
60.7406
81.3339
60.1761
6.6442
77.1143
54.5284
95.6413
86.8906
79.1930
50.0892
94.8807
46.4008
102.5401
28.0964
69.5699
56.5952
84.0691
40.8235
42.5498
65.2694
91.9982
48.1282
38.0137
61.1976
78.4661
77.5483
76.6784
36.0938
89.0174
77.0751
76.8522
34.7170
63.2754
63.2295
59.3255
66.4087
75.6584
72.3581
97.7841
63.0028
68.7511
50.0645
49.1249
72.8905
82.5578
72.5434
66.2528
57.7246
54.5202
0.5768
72.3290
71.4911
64.1918
71.9176
52.1644
53.3685
50.6872
59.7078
64.4287
74.6770
51.3716
81.8672
76.7256
51.2019
68.4298
66.8512
57.9681
77.7920
84.2704
55.8711
51.6039
84.5283
74.1883
64.2086
74.5770
42.5289
69.6795
53.7666
59.3035
73.9294
60.8703
46.6656
35.3407
89.6610
59.6265
91.9484
66.9322
87.9819
52.8043
51.8737
73.2604
55.0119
90.6373
75.6987
74.5163
82.6483
93.2447
76.7555
83.8945
76.4635
50.8107
94.0687
75.1597
54.2356
79.7858
53.0434
68.2715
36.5160
70.8440
91.1109
67.0621
75.6956
108.4969
64.5958
60.0494
46.3481
73.7137
76.4517
61.0435
92.0079
79.6703
91.9816
68.1434
86.3542
69.8737
43.3324
58.6304
81.3346
70.6578
84.4965
48.0743
75.7884
81.7330
62.6503
48.7189
61.9690
87.6695
91.2836
76.5489
75.2217
78.9414
77.6446
79.5921
84.2374
63.3258
74.4201
70.9461
50.7666
69.4213
97.6510
63.5801
80.9181
39.6583
50.8570
87.7804
53.2711
57.4802
76.0288
92.1434
67.4450
49.6158
55.5979
76.6565
69.4372
40.6542
70.3889
68.0865
39.6049
57.5148
67.1241
66.7774
48.1969
72.0781
71.0091
76.9055
102.3761
69.0930
41.6193
94.8471
72.8990
66.3201
74.3399
76.8741
71.1633
75.1355
75.0754
70.0436
30.9097
49.6460
64.2919
-1005.6142
69.6799
94.8830
72.6559
59.0648
66.9685
78.3208
62.2833
-1004.0251
77.8942
72.3931
58.1739
64.9723
74.9598
74.6523
78.6423
78.4033
48.1299
80.4283
68.4237
65.3023
59.4701
64.0870
71.7372
68.8464
67.5160
60.7102
72.9181
65.2622
62.3317
56.5334
69.8189
80.8476
73.6089
23.8420
61.2733
72.1105
60.1510
77.9063
71.5327
71.1732
78.7119
46.2662
60.0937
71.5541
69.9039
80.5291
73.8364
64.0757
30.8774
61.3322
73.9285
85.3834
49.2247
89.1314
85.4496
52.7501
75.4960
70.6118
40.9525
62.9300
82.7718
60.4013
42.7137
49.9599
47.6946
65.1849
73.3483
78.7220
71.6603
42.2605
48.9252
60.2191
75.0904
79.3107
62.7102
62.8299
66.3789
65.0974
46.1433
69.0178
87.1145
84.9607
64.1090
71.3964
46.5771
78.7620
63.8092
71.4381
62.1133
65.3992
56.5111
48.8497
68.6065
93.7942
76.5557
65.0399
71.1441
75.5885
29.7479
64.0837
41.3506
76.5431
89.3151
37.8522
63.8909
85.1111
76.4885
59.8652
81.1108
63.2322
65.7743
94.4641
72.6784
53.4023
46.4204
82.8348
69.0308
63.3876
71.9729
71.5571
63.1685
85.7851
61.6699
84.1702
49.5936
83.2459
74.9894
51.8610
73.7833
69.1636
64.8961
74.2834
93.0830
74.5944
36.2927
67.6606
55.2266
35.3522
72.1281
75.4273
61.7456
67.7243
81.3314
73.3500
52.1995
90.3701
91.0107
66.3858
64.0682
68.6924
74.7117
44.8781
66.9917
33.8214
88.2957
75.9218
91.5995
76.3316
51.5805
65.5947
69.6280
58.1642
71.8754
78.5735
98.1504
74.0569
81.6035
66.2002
76.5947
73.8974
102.6804
74.4915
65.4888
54.4469
71.8761
65.4763
58.8549
89.8482
65.0461
63.1209
54.3482
67.8472
82.7928
84.0739
105.5726
83.7168
64.7591
35.1848
42.6761
49.9919
60.1855
80.4297
80.1601
81.7810
86.0229
87.2991
83.4796
53.3875
73.4841
64.6289
65.9089
80.3599
70.3619
75.4431
80.2735
82.7352
64.5458
46.1805
51.1900
85.0660
78.8774
55.7867
99.1514
74.3405
67.4830
91.7557
67.6668
62.1002
84.2360
77.2942
66.3936
74.4131
83.8252
57.7543
74.5692
48.7436
90.7404
53.8749
77.5868
67.2753
72.3955
40.9554
56.6861
83.5452
84.4568
52.7710
68.8672
66.0796
69.0489
91.6123
92.0007
74.4996
70.1297
80.3855
71.0423
84.0715
68.9589
72.6016
56.3429
76.9962
86.2939
69.6702
88.5200
51.8951
75.2348
81.4648
74.9336
48.2493
73.2835
67.3782
55.9403
56.0586
70.1424
67.7237
52.9510
73.3614
8.6019
-1010.9528
51.2061
63.3179
62.4853
90.4284
45.1650
33.1350
92.4193
87.2821
67.0655
97.5654
49.8116
37.1092
75.8748
57.9234
66.1855
34.0312
77.7463
66.9694
57.0324
85.6116
57.7206
66.6902
57.9005
79.8706
93.1879
75.6494
66.5747
68.4482
71.9625
89.2318
39.6308
52.5169
63.4655
93.6221
89.2433
66.7215
68.2242
66.7407
62.1725
46.6565
56.6369
77.0056
77.1117
81.2394
80.7476
70.7226
45.1180
43.6262
89.3650
39.2826
69.5188
10.3477
85.4750
84.7114
59.4252
86.6352
87.5059
86.8255
52.1891
72.3197
76.3712
72.7011
61.6099
81.0272
64.7526
86.4922
91.3368
36.9661
42.9056
60.9496
89.6509
44.9400
77.9355
79.3465
70.3304
55.3304
70.3041
77.3984
64.5164
82.2660
55.2081
74.9366
90.4880
72.9698
66.5974
70.3950
74.6067
54.1109
71.4400
55.9317
50.8443
47.1852
63.8160
90.5418
53.5662
65.9793
101.5072
30.7060
37.3454
57.6251
57.3742
79.0947
72.2434
54.1139
76.1878
76.8150
69.2038
63.0275
72.3871
73.7253
73.9630
37.2416
68.5591
63.6460
92.6467
62.9808
82.1635
72.0488
51.3050
46.9601
67.8667
70.8780
43.7443
67.7772
63.3477
38.5492
66.8870
57.9421
90.6347
54.1353
65.1451
100.4802
49.8627
77.0166
69.6806
53.8687
60.1491
69.6512
54.7478
59.4177
64.2298
76.8839
52.6685
79.2677
66.3269
91.0481
64.4516
59.2372
66.2781
0.8718
72.3516
56.8277
88.4103
57.1785
75.3178
107.9239
71.4985
107.4703
62.8096
87.3476
50.4840
80.4095
55.2728
60.1823
86.7471
67.0097
77.2750
100.2705
18.7219
48.7097
77.7127
29.6841
53.3395
59.7018
57.2550
87.1417
96.1392
42.9292
107.9068
68.8816
103.5035
85.8950
57.0581
0.7858
68.5216
73.7839
70.4342
74.6819
56.9271
78.7467
94.3440
69.1944
77.2229
45.6368
95.0517
70.9279
53.7782
58.7276
42.4490
82.2644
54.4655
89.6730
72.7850
78.6476
64.7676
44.3447
60.0457
68.1631
51.4866
59.8001
80.2312
60.7002
91.1584
70.1318
80.6622
68.1026
41.9343
63.9516
71.7921
89.9054
57.5178
101.3279
79.4160
87.5336
29.9201
51.5275
72.8643
55.8159
75.3602
52.6177
99.9336
85.0940
73.5964
43.0446
98.3828
61.4535
81.8842
47.6136
72.9000
73.0928
53.4636
90.9411
63.0629
69.2222
77.8664
70.3302
60.5332
84.8436
60.2513
50.2127
63.7196
78.4150
79.1535
6.1237
69.5257
55.3896
43.8159
89.3078
78.3240
64.7972
57.4733
45.9893
77.8720
61.1390
41.7719
70.5581
95.3673
83.6346
57.7341
57.2428
46.7426
71.3035
76.5406
38.0435
70.4746
73.1987
98.4932
75.3135
86.6511
78.1877
82.5826
72.4295
55.1878
62.2900
69.3751
70.6767
74.2799
62.5899
61.8039
114.7392
77.1042
71.8943
78.0987
88.2080
82.9775
88.1517
89.2091
56.9902
63.7996
60.1508
77.6788
62.4325
49.6834
80.6202
43.7976
67.8045
94.7852
87.2214
59.2262
57.9968
69.3553
80.1732
67.8422
52.9765
37.0967
47.4324
88.4200
78.2717
80.6128
56.4141
68.7765
65.0565
79.2588
90.7777
45.9210
62.8048
67.9953
97.9100
59.2370
61.0675
64.4193
64.0499
72.9614
69.8040
65.7266
65.1980
69.5200
94.4627
78.1189
50.5339
23.1967
91.2225
52.6936
56.9389
56.6010
49.5179
67.8612
80.2085
59.9766
56.3492
63.1107
48.4089
61.3048
77.6446
81.2526
58.2461
85.1729
66.8269
50.0934
73.2096
102.1800
92.5794
41.6676
68.1198
75.0716
85.6601
77.0341
62.6349
50.4604
50.1115
37.2965
50.5474
70.6723
65.5020
113.8512
76.3161
80.7629
85.2555
70.0383
73.3150
83.1952
95.1832
79.4832
93.7441
95.7834
38.2189
79.4186
91.7075
89.9833
94.6953
50.3521
42.7744
47.0395
64.6953
39.7788
73.7100
88.3597
76.9510
77.7102
61.9233
60.7561
61.1718
37.2442
75.7393
49.9728
52.4406
84.1412
59.4731
69.9874
12.3869
76.1198
46.0159
64.7996
79.9779
85.1979
63.4196
66.9146
63.3328
-1000.7137
65.8172
57.0829
89.4711
57.8978
60.2965
75.7032
70.0103
66.6142
27.7191
69.4636
52.8864
63.7393
78.7728
78.1633
92.4030
59.7965
63.3997
67.2591
70.8055
78.9973
70.2985
72.9555
72.5345
93.3846
49.7768
59.6328
88.2075
60.5350
83.6584
63.0163
47.6801
83.6612
60.0936
105.5889
70.4039
64.5060
55.3199
81.9846
61.4236
101.5012
67.6492
51.6522
73.8658
61.2120
72.2580
53.0617
79.8836
57.2373
81.4423
81.9103
70.4688
40.9136
85.9302
78.8690
68.8359
89.9441
69.0471
100.0962
30.6667
81.4685
114.2868
53.4244
77.8222
81.2234
80.9194
55.3372
62.9177
102.3123
81.1224
65.0097
44.8072
84.8565
49.4058
85.9809
82.6036
45.4882
80.4395
101.1418
50.7241
58.4648
87.4938
78.6386
59.5655
53.6394
63.4809
72.1253
87.7664
43.8648
78.8174
59.4852
53.2884
60.2082
72.4107
64.0596
97.5497
93.2395
71.1624
101.1891
75.9495
47.0879
74.7941
66.9795
80.7132
66.9618
71.2288
84.9617
83.2657
93.8191
-1007.9448
-1017.9916
95.5271
65.4759
81.0798
68.4646
36.2164
59.8773
84.6850
72.9753
69.0009
99.1688
52.2799
62.3567
67.2744
83.8280
66.1486
62.9374
47.8143
90.5465
79.5540
51.1698
82.8824
73.9981
77.0853
64.3926
72.0074
28.7072
55.1601
44.9535
44.4178
65.4897
70.4631
65.1618
61.3290
64.9376
52.9228
72.4452
86.2475
71.1624
51.3056
68.5554
81.8954
58.8618
70.8058
78.9812
74.8635
59.8668
108.8880
80.2268
70.4768
73.2735
85.3879
86.1862
56.2795
65.7941
57.1944
91.0827
38.5802
58.3628
106.4610
80.8269
113.8367
81.1911
70.0703
62.5271
46.5703
60.9721
82.9836
78.5961
75.5552
56.4625
83.3637
87.8732
70.5648
64.5815
47.7155
81.6509
68.8418
57.7057
51.6315
91.3292
68.3331
73.1266
59.8629
57.2477
87.3390
84.9466
60.4256
67.0950
75.7801
60.7189
84.8918
69.9572
36.9677
64.9516
75.8693
86.6469
86.5646
58.0234
64.2580
90.9862
52.1605
70.3180
77.3357
65.3869
51.7602
81.7512
86.0000
75.8531
39.8803
87.2117
102.1157
59.1898
79.8185
41.3385
76.5243
89.0074
69.7963
81.3113
66.7290
72.0087
62.1718
81.4090
88.4492
63.7901
65.3209
75.1526
63.0298
69.2689
91.4369
68.3688
85.6050
86.6013
82.9670
73.9603
51.7369
-1002.6459
37.4048
58.0745
96.0091
44.6005
55.8645
57.1786
63.0358
80.0258
86.3927
78.2412
55.9129
62.1908
78.7026
92.2065
83.7958
83.6603
67.4167
63.8667
57.1018
69.2764
47.1306
60.7434
64.5451
80.2215
96.4796
58.8614
63.3696
48.1846
58.4808
68.7115
67.0623
71.3785
50.5258
64.8365
85.2718
83.8572
85.7525
7.9183
77.6931
82.1810
67.8195
96.6802
51.4897
41.3312
70.6021
66.6761
52.5086
68.7999
53.5942
32.2459
60.5782
54.7115
88.0825
96.6222
58.6443
37.4813
100.2039
35.9189
57.0224
28.5042
73.1674
43.9694
60.9682
83.0321
61.5383
61.3559
72.5369
61.3496
79.4523
79.3478
84.1084
64.5247
23.3940
85.2100
73.6465
76.6645
65.7954
37.8510
47.8356
75.8069
60.6698
75.3113
81.6222
83.6664
71.4009
59.7876
62.0494
77.8128
38.1973
83.1370
76.2862
69.0952
76.0296
69.4318
70.3434
63.0630
39.5709
51.0819
52.6095
43.6993
81.7142
84.5797
74.6155
70.8593
81.1654
46.1422
77.7967
66.8956
45.5583
64.2039
75.3120
77.1552
60.0050
59.8087
82.0721
12.2957
64.1376
91.2683
70.4782
57.1117
63.7171
67.6529
78.3336
61.9390
77.2110
71.9787
73.2642
59.3813
72.6420
95.6262
103.8776
94.9644
54.3584
57.4222
96.9175
73.6880
88.5797
70.1920
80.3348
38.2228
74.2449
80.8460
58.2824
51.2882
77.0190
60.4827
70.4068
89.4557
61.2117
72.3023
47.4604
61.4911
70.4510
62.4991
68.2628
77.3866
57.7872
78.3521
73.1111
28.8229
64.3713
50.7611
36.3467
63.2703
70.9186
72.3435
53.9392
40.0187
47.7783
82.2987
46.0505
43.8634
87.1429
74.6923
53.1342
63.4863
71.1580
74.8685
79.5966
63.4272
83.6343
100.5853
61.6476
68.0512
80.0414
41.5098
59.5147
54.2261
104.5727
70.9328
49.3254
106.2253
88.9306
65.5661
74.2776
61.9418
67.8985
77.6571
46.4938
82.3615
63.1152
49.8794
76.4954
93.7481
56.0683
72.3788
75.5746
70.9283
62.9614
102.5901
77.3909
41.4868
68.2037
78.5659
74.2757
50.5555
54.2524
85.4197
62.8393
49.9751
58.9215
62.5581
62.9850
91.7995
45.7517
58.8140
60.6814
68.3333
84.1825
64.0490
31.9572
74.4050
74.8531
69.3288
110.5385
62.9870
75.1233
64.9551
70.8679
96.7330
63.4199
73.9778
92.3761
100.4252
85.4081
75.8048
67.1885
77.5329
71.8791
66.2395
67.3949
46.1545
44.2539
65.0276
12.3340
37.6585
66.2193
69.8891
92.2673
85.8385
85.9262
57.1580
64.3264
66.7851
68.2676
63.9688
73.6566
62.6215
55.6155
65.3847
81.7239
91.1685
74.9533
61.0499
63.4943
53.4983
80.9907
84.9766
70.8269
62.2614
90.1514
97.1044
57.6912
81.2061
95.1536
-1014.3280
57.1482
74.4635
59.1768
85.1318
66.7691
83.1941
54.1810
51.2763
65.4881
69.5051
-997.8193
106.6115
53.4078
52.5059
90.3594
43.6080
73.7731
66.4914
84.8822
86.3060
64.0744
85.8382
67.3590
52.4096
61.1295
78.7418
86.8662
64.6441
80.6311
52.9192
90.3075
89.3570
61.8708
64.3583
58.5622
49.9259
79.0664
95.4398
76.8838
68.1197
-991.8069
62.9340
55.7788
69.2433
72.9236
80.2471
84.8319
80.1347
61.0596
85.2430
51.5623
90.9763
90.3171
76.6385
56.6615
72.2168
43.4085
74.4287
88.2672
82.2170
67.4782
76.5089
54.1776
75.3153
82.8102
81.1642
32.4747
80.6806
33.5057
75.1934
54.3649
49.4903
68.1662
62.2424
53.0638
69.8479
72.8901
47.1501
94.3941
75.5623
75.5003
68.6490
72.7419
64.6739
15.7285
69.8082
66.6595
73.7322
86.3960
90.3459
50.5481
66.5141
66.7727
47.4630
69.3784
91.2370
76.4463
86.4779
13.3104
70.8737
89.2797
100.2360
67.5898
86.1214
82.1711
64.2623
86.9534
62.1400
83.1239
69.6951
60.9947
85.8157
47.1131
58.7111
20.9457
83.3352
84.1299
58.3374
48.7753
62.1443
58.7483
52.5302
79.6862
74.3513
70.0139
76.6900
81.2458
88.0220
77.8042
85.3578
49.8433
43.0828
74.1546
71.9819
64.9425
43.8666
81.9316
44.7173
76.5830
62.5906
105.3649
59.6748
54.3831
74.0396
54.6277
68.0401
56.2512
81.6535
68.7734
90.6283
61.3271
91.5895
46.1331
86.5371
82.3450
58.7227
59.1525
60.9557
58.1652
84.7439
81.2754
17.0978
67.5191
55.0402
95.0778
62.9804
73.3861
74.3322
56.0114
65.8582
50.9636
64.7964
8.2366
76.3727
69.8994
79.6825
82.6333
64.7498
45.3475
56.9252
68.6863
32.6970
50.8083
52.8612
53.1972
78.7384
49.7637
50.0950
75.5951
64.8176
84.3433
63.6032
14.1089
64.5974
62.9778
81.5273
81.9253
32.6925
66.8074
66.6908
62.4930
57.5244
92.9803
43.0661
69.0987
52.8909
90.5473
62.0568
71.1719
58.7470
55.2287
43.1828
45.4874
85.5534
70.1832
74.8326
57.6523
72.4008
75.2492
89.2090
55.5716
48.0076
71.6044
-1.6232
48.9659
51.3279
94.9738
78.3016
71.6437
90.4243
80.4211
52.2177
73.1668
73.3731
53.2312
79.9631
64.4277
84.7465
-0.5786
63.3637
61.5711
-986.5634
85.4167
64.0293
67.1277
87.3922
49.7580
14.9420
80.3815
75.4492
29.9102
79.6339
82.9353
73.0116
75.2366
67.1962
61.8430
77.6411
75.6689
78.5829
68.6571
60.5480
64.7438
67.5318
82.9065
75.1573
60.2353
39.2348
73.0742
73.7166
61.5891
65.5180
91.8918
76.6604
71.3624
67.7609
79.1709
56.9211
61.9167
79.8267
58.0319
74.5213
45.0318
17.7014
67.1847
34.9500
55.3164
64.8813
88.4499
69.7228
81.1689
71.9862
82.7060
81.2073
75.3573
43.8489
105.8816
81.9060
63.2301
36.2219
79.8481
49.3689
85.2762
57.5989
73.5067
80.2780
47.7625
83.9267
73.5652
73.5893
78.2226
70.1115
66.5999
63.1922
53.1025
48.4724
57.8066
82.5310
-1009.7122
43.8789
43.0094
53.7118
42.6232
65.7112
51.8503
59.3049
91.2692
68.6364
37.8341
56.3559
79.9581
68.1464
77.9238
97.6279
82.9427
82.9685
70.5541
77.4103
77.3056
74.0998
92.3415
60.8987
84.6904
52.8152
81.3655
79.3404
72.2566
35.4254
58.1466
71.5112
109.3966
61.8260
71.2989
66.6025
69.1839
62.4052
75.1408
72.9048
87.7082
94.1415
69.3597
64.0435
75.8622
94.0968
75.6728
41.2702
73.8409
56.9006
53.6364
91.2092
69.7649
43.1676
51.5543
29.4313
51.2507
68.4172
58.3705
86.0999
59.1578
69.4819
41.0662
73.2593
68.1035
62.0693
88.3645
70.1493
91.0517
90.8945
37.4577
108.2698
63.1676
61.3670
88.6849
98.6736
59.9327
46.7630
62.6849
76.5985
70.8712
73.2531
40.1695
51.5976
82.6020
74.9325
65.7930
84.1630
80.9146
78.6156
77.3765
75.2290
53.8198
75.0497
63.5085
63.8005
85.8087
77.5952
93.3330
-991.1968
62.2076
76.3380
69.9001
66.2777
74.1660
14.7173
72.3413
46.7029
80.8110
-1009.5323
48.4211
103.3383
79.8025
8.1363
76.0794
67.0757
56.0173
67.8588
88.6926
65.2146
77.5386
60.3202
87.9951
56.6970
73.4186
80.7960
63.3133
77.2193
40.9707
45.1278
59.6416
27.0094
104.1460
58.2769
63.6333
73.6900
44.4355
82.7812
51.6979
92.6340
74.9013
54.8097
63.7555
95.1172
49.2758
50.9415
76.1816
84.1344
81.9734
72.7670
59.0217
70.2609
80.7551
49.7238
74.4582
60.9410
67.4946
72.8788
71.6004
58.8040
74.5819
76.5025
65.7964
57.2383
79.8073
71.8101
69.4198
68.5053
71.3237
64.6081
37.5490
44.8070
68.6615
72.9832
56.4003
71.7234
70.4823
64.2254
89.9285
74.8534
53.4064
78.8316
63.0919
76.6378
69.0616
70.8702
62.6920
73.7686
78.1850
83.6083
57.6482
49.3427
79.4639
75.5613
52.1328
75.9675
91.2415
58.1077
72.9165
55.8954
69.0640
35.6026
76.6972
81.9117
92.9006
72.5878
86.0015
68.2281
86.1131
42.8899
87.8232
91.8686
43.3606
65.3155
57.1762
89.7624
46.0129
79.7676
84.8037
81.7156
63.7835
89.8414
58.6153
43.0223
73.2067
69.9075
71.2172
84.8228
63.2024
95.8848
74.1685
50.3720
46.8521
85.7005
42.6501
90.2592
58.5854
63.4314
53.6208
61.8720
85.7873
100.1701
36.8644
54.3060
67.7308
70.0105
66.6253
30.0593
52.6063
83.9202
90.8238
71.1534
77.5008
48.5813
54.4546
86.6720
62.8370
54.3771
68.9781
52.8414
59.6637
55.6305
41.5511
106.4231
87.1536
74.8350
62.5871
61.4971
77.3535
70.6093
65.5967
23.1431
53.5471
48.6008
77.0935
71.6027
45.2670
71.2858
79.4327
78.6876
93.1659
79.6872
65.6355
53.6694
67.1001
74.3259
61.0548
85.7360
60.1819
48.2464
87.8879
72.0392
43.8238
47.4573
13.7919
68.4664
61.6365
52.8356
56.4919
77.6015
36.3195
69.2986
91.2815
54.5963
43.3206
77.0645
82.1184
74.1372
51.6670
82.0523
77.9325
78.3659
97.8523
69.2405
42.7825
75.1531
73.0326
76.0362
51.5377
73.7461
85.3766
38.9042
18.9145
78.8592
70.9206
53.4111
72.0184
45.8333
85.1148
68.5076
72.0178
40.4864
74.6149
82.2538
-1003.8799
60.6152
103.3595
80.8688
62.5906
84.8030
55.1073
50.1080
69.1512
57.0215
73.7817
80.5630
68.9377
31.8633
45.1108
74.1060
67.4350
58.1356
65.1004
93.5395
83.7499
81.9989
45.4084
65.3160
85.6210
74.5866
55.6285
66.0795
65.4253
54.4650
47.9307
75.2463
70.0432
54.2943
50.0359
58.6523
74.4959
63.9059
58.4684
75.2347
69.7325
62.8835
82.2779
97.8925
43.8326
64.5044
92.1496
54.8415
67.8901
91.4855
43.1624
77.4106
84.6495
100.6595
83.5873
-993.1309
97.8405
61.7092
-992.5869
96.8919
79.2715
69.0597
73.7483
70.8541
62.4377
58.9735
79.4310
65.1918
62.8300
81.7662
74.5935
60.4589
79.9949
81.7642
63.7128
72.2102
61.9955
50.1327
38.0399
41.0712
30.8761
68.7264
78.5182
105.0097
41.5576
59.0186
77.3521
73.9483
63.8697
58.3643
54.6076
53.8488
82.7096
33.6805
42.9316
52.0658
72.1504
77.3252
64.6198
60.7182
73.3050
76.7025
65.1051
84.0495
69.6286
85.3688
82.9582
105.2017
96.3654
60.4889
78.1950
65.7408
100.4186
46.6508
66.6894
83.2468
58.5932
79.5815
72.4016
45.7609
33.4454
58.5678
67.5447
61.8855
76.0804
95.6583
30.8231
92.8195
73.3164
59.8247
63.1810
82.0052
94.7877
59.7753
49.0096
40.9342
73.2109
50.2167
73.8475
63.2500
47.7003
68.5463
97.3336
78.9769
55.1836
64.2987
68.1811
55.0951
66.0172
62.6062
91.5287
59.9211
65.5895
69.5113
9.1228
65.8528
89.2371
73.1419
40.6945
43.0161
47.1773
86.6576
65.0395
70.0452
57.8288
65.9284
50.9528
73.9166
76.4905
65.8562
52.0285
69.6552
83.8694
80.8025
41.7119
91.7432
80.3951
44.7612
77.5766
69.8317
70.8894
52.8450
72.5246
79.0641
85.2440
65.5473
50.7074
102.3582
95.0909
28.1280
53.6529
69.2649
72.3792
73.7589
60.9287
94.9640
67.3340
93.5157
67.8458
60.4456
82.1610
74.0306
69.6019
41.8620
74.4118
72.7675
54.4465
55.9452
52.0948
78.8510
81.7439
67.5669
78.7206
64.6401
54.4308
64.0821
81.7642
78.5344
87.3461
72.9212
76.0599
76.8253
67.9456
85.6306
50.5027
42.6647
50.5110
64.4634
78.5631
75.0101
75.9393
66.7817
97.9472
55.1909
98.9017
64.3908
-1008.5351
69.2316
84.0233
69.0850
70.0171
71.5155
20.6139
70.1877
33.2134
79.8119
59.2350
0.3503
18.0093
68.3999
49.7019
41.5921
79.8183
85.7729
70.0550
73.5853
50.3547
64.8404
80.9259
85.4666
62.9854
60.8547
77.3343
30.7539
62.2910
50.6623
46.4923
70.9412
58.5667
50.6559
57.5874
54.5541
70.8654
62.0547
31.1061
56.0876
97.1671
38.6696
71.5344
96.4743
64.8708
70.0534
-990.3548
85.3959
53.1290
-11.5430
99.4965
45.7863
69.8246
60.5513
58.3167
83.2643
51.5943
78.2886
90.4551
37.1348
94.6821
76.4504
77.3771
71.0275
53.1138
49.0105
68.5748
75.2276
57.8737
72.8188
60.9975
102.0970
81.1802
64.7503
-999.8704
58.2713
78.8941
80.7962
59.9103
88.2907
86.6308
79.4575
65.5279
69.6390
61.7383
38.9472
81.9969
58.0700
57.5996
84.1447
67.2321
94.5258
64.8990
56.4271
84.6668
88.2041
43.6008
76.5316
74.5081
68.3869
48.0251
93.6502
67.4369
82.1970
69.0076
73.6491
58.6084
72.7237
73.5729
68.0630
82.0565
74.2205
74.4318
67.1186
72.0991
53.9337
71.4988
81.0805
91.4087
60.9706
67.4641
68.3461
57.6149
58.5891
80.6821
53.4357
41.5764
38.7691
74.8927
54.3900
81.9824
62.3856
51.2295
90.9175
78.2694
76.4204
86.1163
50.7125
68.5074
39.9420
72.2331
76.3454
71.2385
104.4317
57.2864
70.5986
-987.9184
59.5132
84.4020
73.6031
95.6593
59.5581
63.1956
61.4108
98.2052
53.4769
100.7919
80.0340
70.0965
44.6673
77.2360
46.5598
45.5862
83.9347
51.2569
108.7082
86.3074
55.8891
46.5557
82.7846
90.9630
56.5150
34.1457
61.6498
95.3286
61.6615
76.6671
91.1981
56.8700
49.4361
40.2914
61.8916
55.1781
63.8430
78.1120
80.6777
73.5372
56.7423
39.1061
72.9118
50.7875
49.9371
39.3957
92.6292
56.7350
91.8107
56.1800
59.5571
73.2507
85.9033
60.2491
97.4963
91.5775
77.3751
63.8866
88.8344
93.7551
61.7775
32.2357
73.5516
73.3620
66.4306
66.3277
81.9130
81.5022
81.6626
82.6899
97.9624
82.4731
61.6548
54.4963
71.5659
80.8070
67.8918
68.3576
74.0999
71.9261
80.9672
52.3077
33.2667
86.8728
66.4691
56.0251
53.0019
76.7666
34.3979
83.1857
32.8038
78.3075
84.5731
28.2195
37.5423
86.1521
62.4198
61.9997
61.7143
79.4765
69.2518
62.8378
90.1312
60.4577
110.4327
89.5828
60.2609
74.0399
79.3479
89.3195
90.1674
62.6274
73.3481
67.4344
54.5153
84.5802
60.1027
97.3608
84.5472
88.6883
78.0531
60.0667
89.7146
65.9235
40.0822
39.2004
81.4116
30.2905
102.2356
55.7144
-1007.7725
68.4527
-996.5230
52.3630
73.7217
76.0410
82.0730
83.0285
77.0305
57.2331
80.1427
41.0633
80.9183
77.6650
43.4054
51.6915
79.6153
79.2680
77.9243
42.2714
83.2435
57.3530
55.6720
53.3884
64.1231
90.3055
50.9201
43.7597
55.3815
84.9294
34.5376
108.4843
68.1245
56.4961
79.8857
69.7734
33.1468
56.7991
58.8421
72.7090
81.2094
51.3412
67.9655
108.6022
51.5087
74.6294
80.6579
73.4382
58.7816
74.7299
73.5368
82.0538
72.3682
61.1404
80.3042
64.8996
71.0489
76.6419
59.3134
57.3033
91.5455
63.8432
72.2265
66.0111
88.9463
85.3564
52.6543
54.2031
80.3358
67.9873
66.5018
79.2019
69.5575
54.0640
-1011.2243
76.7542
64.8949
81.1818
