110.8276
145.9771
129.9027
157.6009
150.9658
120.1485
-72.4321
133.5962
184.8251
128.9664
135.9778
125.2246
115.8033
153.9505
78.2816
-111.4445
122.5556
137.7776
157.3245
117.9073
94.9210
-48.0300
171.9620
121.8742
99.3707
110.2434
129.7737
101.9501
143.2195
115.9996
149.1730
133.2630
111.6814
111.7453
107.5006
126.8764
-1004.2592
113.1235
112.9467
101.7870
34.6323
108.6065
114.5852
121.3909
97.8909
154.7518
167.9227
115.5199
105.2127
125.9312
122.6826
-104.8482
113.6151
-46.6553
131.0453
117.5276
122.2674
129.7244
145.4239
164.0994
112.5779
135.2100
158.5528
93.6957
110.6307
104.1736
104.9364
126.9377
121.5353
143.4893
-57.5033
143.5863
115.4197
-99.7477
139.9683
105.2341
129.2132
80.5776
91.8188
128.7015
102.3962
113.7632
139.9504
123.3775
92.7505
116.9487
167.7085
142.6847
105.9697
137.6820
117.3193
100.2394
122.0445
127.6823
81.6957
149.2186
104.8805
105.0900
-50.4939
119.4631
113.1961
113.5548
101.2787
170.3674
134.6854
136.2255
95.5906
101.8157
170.2104
104.5266
89.4400
132.6481
135.6144
72.2530
106.7568
116.1521
144.9711
132.8522
103.9099
159.1330
-98.0925
102.0941
-97.4846
131.7368
132.9014
89.0653
139.2740
105.2534
80.2241
115.0775
112.6589
112.5904
165.2142
136.5583
111.9919
122.4812
127.5583
114.1117
116.8934
104.1880
143.9471
117.7400
139.7943
143.4844
98.1063
131.6744
122.4536
122.5535
136.0933
120.7857
111.2136
133.6484
131.6688
170.9864
130.9105
145.2652
159.6585
125.5232
133.1249
155.2584
121.0409
108.1827
117.1446
116.8180
143.3376
106.4664
126.8920
113.9943
127.9048
132.3849
145.2773
114.3410
98.8271
-116.7720
100.0410
148.1588
133.1037
167.6129
136.6230
-50.2635
111.6954
99.4925
134.7766
94.4576
119.6631
104.3115
97.5972
120.7293
-63.7000
118.2963
92.5953
116.3485
99.8176
118.8550
151.4315
115.4584
119.5675
90.3574
100.8108
172.8374
106.0929
124.8810
118.2735
129.4542
113.0616
117.3879
141.0296
157.2956
145.7700
-62.4260
119.7620
102.7969
156.5005
94.3712
-978.7952
102.7312
83.2547
131.1352
135.3012
106.9196
126.5851
115.9978
145.3678
159.8108
97.1959
116.4443
122.2970
135.0392
119.3225
165.5330
117.7456
118.2582
128.6218
108.4764
120.4436
148.9855
169.3238
106.3337
139.2658
134.1369
149.3118
124.6060
-35.2479
128.5641
148.0100
79.7371
118.8928
160.7272
125.4690
103.3911
118.5518
152.2664
126.8110
114.0548
157.0917
99.8871
106.4589
110.9154
102.1473
97.6821
182.8011
150.0424
122.5450
124.5191
106.9373
-47.3345
97.5474
94.1812
80.8753
130.5061
-71.1533
188.4462
98.7150
151.1906
106.1187
116.9908
137.1974
178.6905
83.5944
129.9720
128.3874
119.9920
128.6855
84.1242
112.3263
81.1142
144.2669
125.3083
135.8037
102.0227
118.0111
101.3232
118.1197
126.3095
154.5464
94.3990
118.5533
102.2985
86.6926
127.5166
163.9597
-988.0353
105.6391
78.3750
71.2879
136.3264
104.7443
142.1497
127.5345
-84.9069
127.9756
-94.0599
128.8878
111.7255
129.9553
91.9111
19.1550
84.1365
161.3393
128.2179
164.5463
113.4924
-86.4260
122.6035
102.9559
137.5215
106.3298
103.1329
110.1228
98.1774
83.3775
36.3799
134.1919
97.6107
133.4774
123.3504
107.7447
114.9299
116.2059
164.3303
135.3800
80.4809
149.2872
88.2271
132.5000
186.1346
141.8395
105.3793
102.3468
106.9682
129.0430
125.3441
97.0657
145.3009
115.7005
98.0008
124.4026
122.4410
114.4804
101.2691
105.0197
99.5497
105.4285
91.4180
120.0827
125.8733
144.4906
-97.2540
119.2989
112.2707
127.5675
108.5454
137.0398
119.5888
-112.3408
162.6616
115.5698
-100.6121
109.6735
102.3683
128.5755
127.4041
114.3318
126.2457
133.6005
-91.4404
178.1838
84.3562
125.3468
-108.4378
92.9070
119.1854
-91.8889
184.9964
121.4588
117.2319
112.0037
93.6308
107.0719
126.6729
111.7267
127.5479
113.8893
133.2285
126.4767
46.6151
99.7463
149.5787
156.3986
121.3298
121.6899
113.0617
115.2366
179.5661
125.1295
142.6947
97.2050
142.4465
82.2532
107.5056
101.2352
124.7136
136.9995
96.1753
133.9789
157.7105
130.9239
114.3217
109.3173
150.3708
93.7005
124.5318
142.8522
120.7761
154.6944
107.1161
112.2640
140.0038
128.9708
110.1828
100.7239
118.1060
-1007.0205
112.1715
108.1098
97.5321
90.9966
118.7399
161.1582
112.4317
107.2398
-94.3766
76.0396
130.8253
101.3858
111.2764
116.3017
165.5040
140.2373
124.8827
137.0917
161.7936
139.3135
134.6684
124.3661
118.6000
130.8878
-991.7452
127.6945
163.4336
148.3213
133.3532
135.9286
101.5063
143.8511
126.3108
138.3920
125.7405
111.7818
25.6557
112.6571
166.3207
104.4817
135.4493
110.1686
101.5626
87.9565
-71.2080
38.3691
107.1527
144.1314
129.4685
143.4026
106.7653
149.7034
154.0123
148.2238
-996.9278
-107.4657
111.6500
141.7370
93.8745
106.3329
117.9606
97.1057
95.4752
146.2886
99.0547
113.7530
-62.7286
129.0780
126.7302
115.8831
143.9366
138.1422
-36.6086
151.3423
131.3944
132.3745
120.9459
108.6831
99.0281
133.9426
145.3740
110.1646
92.2475
94.3520
96.1978
101.8647
130.9601
143.6545
115.9626
83.4166
141.0127
116.1198
114.9468
97.9010
135.0981
162.1987
132.0134
113.1638
137.2170
110.2188
119.0332
104.0729
141.7245
94.4155
104.6390
91.5501
128.6321
136.8607
86.7048
109.2870
114.4348
102.1782
178.0785
103.8701
117.7052
116.7573
142.0229
122.0036
137.2428
97.6757
93.9006
124.1075
117.8110
168.8238
114.5602
168.7524
117.0154
105.6312
107.9121
118.1766
127.4409
141.1712
131.2248
130.9115
140.3698
158.4252
128.9698
142.8429
126.3437
125.8837
120.1936
99.0595
156.9382
104.6082
98.6169
124.6586
123.2943
114.3587
113.6600
131.9008
128.3924
-1004.7785
111.7115
115.5857
196.8805
115.6305
126.5202
145.4168
109.8178
137.1641
104.8135
127.1698
128.7337
106.5845
121.1520
110.1174
119.4006
119.9963
87.7413
134.9706
158.0102
123.7794
125.0464
115.0068
112.8394
111.6036
134.2750
108.6269
124.8631
108.9034
108.5246
103.8984
121.3684
-105.5307
143.0300
119.1994
137.1330
145.8512
159.1817
85.2662
121.5545
103.6430
169.1994
134.7606
150.3733
114.8083
110.1308
142.9259
-49.1366
105.2241
131.2998
145.4443
135.3027
142.2292
107.8735
154.4237
120.8598
145.4426
82.9950
113.4627
141.2376
119.3949
128.5907
117.4505
110.6045
126.3103
147.5013
94.0291
158.7189
127.5995
127.6344
-1004.1852
158.2340
154.0019
103.0227
98.5290
120.5246
107.4711
145.9131
123.6004
140.1802
119.4214
126.7894
122.1686
110.9083
-102.7850
132.1629
101.2108
134.5889
144.9850
-58.0212
123.0579
129.8136
143.9748
-50.5603
114.2385
-95.3096
127.7583
126.0508
175.0397
134.3893
134.2718
167.6132
99.2592
106.7669
107.4308
138.9916
126.3127
111.9192
91.3707
99.6618
137.7279
89.7563
132.5097
87.5095
131.5407
101.6105
140.1705
137.0935
115.6686
156.1772
115.2729
103.6597
149.9922
103.8677
118.4011
103.9208
137.8633
136.0509
104.4522
140.4084
160.6023
103.5055
145.0591
87.4872
108.3346
108.3973
107.3144
147.7579
128.2492
106.2660
98.7378
119.1251
127.6040
131.6561
97.5427
137.4072
121.1586
119.4949
114.6213
112.3065
117.6471
97.1631
164.8204
133.8079
99.1721
136.6929
96.3520
108.6802
120.7449
134.7371
146.9257
121.4859
133.2190
109.5671
102.3037
122.6034
116.6026
134.2083
136.3650
104.7827
91.7351
-1024.9754
90.6400
103.8516
125.0826
98.5753
-70.9966
106.2301
124.8575
171.9643
111.2893
138.5652
125.0559
152.0351
144.3630
127.3471
128.3169
130.4167
108.6690
-1002.6839
97.7737
162.2783
-88.3259
113.9794
99.2755
136.9536
128.2768
139.5807
88.7422
109.4908
92.3782
102.6298
153.2928
131.1491
128.6311
133.2446
119.9353
133.2432
164.0393
146.0517
99.1546
109.1772
-109.9399
-66.1442
114.0739
141.3813
126.2272
168.5173
115.3946
156.8174
83.5512
104.8424
120.2194
111.3188
112.4662
127.0375
120.9646
140.7678
129.3352
129.8850
117.0380
79.7539
155.5630
123.7527
129.0698
119.9643
116.5066
157.0376
102.1067
113.6916
140.8543
124.1805
104.6792
98.4473
144.9832
138.3588
90.2320
86.6771
98.8309
179.4988
96.4872
125.1130
138.7908
123.0251
135.0881
177.7246
134.1057
121.9841
120.7170
135.4991
94.2337
138.8839
118.8275
142.3228
29.1859
111.4922
96.5298
137.9366
123.6716
98.0324
112.5737
120.8747
104.3951
124.1648
117.2640
150.2451
112.6569
130.1304
95.2446
108.5266
158.3122
-100.5298
121.6524
111.4942
120.8337
90.5023
129.2371
150.5998
110.1937
136.1461
159.0412
111.0186
116.2661
101.1895
96.3604
140.0057
149.5615
98.0607
118.7471
96.0929
124.9160
84.4076
159.4934
115.4530
122.4398
111.2612
137.8028
119.7502
155.0131
118.6061
132.6805
148.6384
130.0041
111.5212
86.8687
108.5124
139.7056
110.7860
129.7943
96.4772
119.9532
113.1922
125.5689
122.2739
122.6081
147.4164
94.5688
142.7921
131.2532
116.6699
98.5300
129.2073
166.3096
170.8502
160.2552
113.0079
118.1265
125.3687
126.9994
136.1879
128.7915
144.3020
144.3433
101.6239
136.4388
125.4625
100.3935
120.1177
127.8177
125.7944
121.0731
106.8438
-105.4504
113.0817
130.9303
113.6185
112.2930
-97.9766
121.8217
135.3596
-1019.9218
107.9432
109.2424
132.2413
109.3228
98.9889
130.9754
111.7606
-1000.3756
117.9374
138.7287
102.9963
114.9984
115.5485
103.1067
108.1111
118.8892
100.5179
112.7781
-1003.0898
-56.9929
99.1527
89.5564
136.1878
106.2702
152.5737
181.2228
118.1622
140.5009
133.7626
102.6688
124.6840
96.2947
98.3897
117.2033
86.8196
99.4769
126.5588
112.5357
120.8784
95.1815
163.5440
126.3462
134.6113
138.5763
93.1702
122.0816
96.0023
180.6380
140.7266
123.0833
145.5816
136.2345
143.6112
149.3193
149.7716
93.2188
145.5210
124.3354
101.6435
119.0072
151.4986
103.6563
110.2879
-39.0056
135.6152
103.7263
97.4618
158.1730
127.8908
102.2795
137.4894
81.9733
90.0499
-70.1212
88.3941
120.7234
94.1944
117.6389
165.9397
91.1591
110.8605
110.3778
104.1028
106.3459
103.6575
130.9281
126.2086
122.3962
93.3221
122.4516
151.0250
118.4138
117.5280
135.4798
139.2973
105.7895
115.2255
-108.1826
101.4698
88.7985
126.4524
131.4454
182.0380
174.8543
131.8043
109.7185
90.5384
115.7575
141.2419
109.3095
127.7197
-107.5962
-73.9209
133.9095
156.4476
115.0509
83.8058
97.8113
151.7755
180.4164
106.5245
108.3763
101.2713
115.3080
105.8777
111.8877
148.6490
127.4872
-61.5544
141.7679
100.4917
145.2567
129.2852
-998.3694
103.4898
117.1467
126.8596
129.9206
98.3682
117.1732
-52.8195
125.4102
143.5265
-1008.7570
126.0513
146.0834
107.4037
-989.9079
121.7327
87.5113
73.2329
106.9708
94.7623
147.6335
100.3373
112.3350
92.5551
-114.9483
100.2029
91.9586
-1018.4335
138.4462
108.7968
84.4249
131.0827
110.7670
-1001.6465
133.9841
124.8173
105.0967
126.3679
168.7623
128.0119
99.5256
112.7535
121.6100
125.4721
-91.6572
112.8635
78.7804
144.0354
106.9433
160.0003
124.7234
136.3237
105.9353
108.7882
115.7248
149.9569
123.7377
130.3021
118.4271
108.9384
107.3040
123.9807
140.1931
124.2706
121.7800
140.0724
124.2774
115.6418
91.1538
120.8745
-96.6815
135.2896
-96.3814
122.7349
-1002.4408
99.5038
102.4857
156.5970
116.2770
152.5287
101.1570
133.0760
97.9846
136.9390
108.3077
112.5033
126.4241
141.1485
143.7108
80.8600
98.2619
138.4580
164.0626
145.6679
137.7084
111.6061
128.4084
130.9895
114.9340
142.8485
131.7223
-62.6015
120.0439
115.5852
158.0410
143.6443
122.9176
126.9654
137.6320
128.7777
108.1632
97.2685
84.9740
105.6452
92.6774
127.3569
105.3841
129.9052
102.5071
86.6647
160.5192
127.9263
124.7388
72.1521
146.4076
117.1996
135.8673
118.3513
139.9204
95.8784
141.4184
126.7298
133.8563
95.8919
158.5231
144.7412
75.3754
139.0570
101.4732
156.7323
107.1134
107.6226
132.6170
131.0601
146.5107
143.0353
42.0361
-95.7700
83.3972
129.7544
124.7965
139.2242
106.8909
121.9519
94.5480
170.0766
149.5681
108.8943
181.4339
95.5136
89.4044
101.1361
122.9398
107.3019
107.4487
131.1435
110.9188
86.6621
139.7706
-56.1203
107.5008
-58.5692
-96.9016
121.2776
112.0049
108.8058
117.6244
100.4545
102.4544
111.0766
103.8583
143.3925
115.2236
101.8657
102.2937
111.8878
80.6648
108.8360
157.7207
100.7756
138.3339
141.2501
129.0683
138.4568
115.8629
153.6359
32.6114
80.4228
119.4790
131.2174
116.3377
117.1789
136.1387
114.5645
84.2823
108.5790
-90.5754
137.2703
102.7493
137.0901
120.2405
74.5552
119.5189
113.4653
114.0771
136.1905
120.7872
87.6232
103.9330
152.2170
108.4831
105.1687
66.9363
124.3514
114.4700
135.3513
116.4266
139.2730
100.3125
134.2782
138.0305
76.4506
-104.9736
-61.2846
37.8778
161.1108
-101.1655
113.2357
97.9378
117.2698
157.9835
114.5499
114.7397
125.4037
106.8636
96.8715
138.7842
125.8776
127.1883
147.9211
135.8781
16.7805
-59.5873
118.3690
87.9755
37.9633
-74.3803
29.6294
118.8798
119.0348
121.9943
98.8445
122.9433
165.9364
108.8664
152.8217
100.0291
105.1220
166.3228
115.9522
144.0394
146.6092
98.0994
88.1093
101.3940
132.7928
122.5163
150.9360
103.0844
94.6159
92.8709
112.2863
136.3795
118.1336
139.6626
164.2477
143.3032
136.6238
114.1573
116.6601
86.4140
105.2488
178.1018
111.5527
-31.0300
114.0470
107.5019
95.7378
152.8102
110.8123
166.4490
131.6763
123.5156
106.0288
129.9357
120.2944
150.1248
94.4749
137.7712
91.2667
128.4619
-71.7664
135.8491
89.0676
141.5057
38.3965
114.6315
148.5070
126.3737
150.9939
81.4210
97.1210
-987.3040
92.0723
125.8639
145.0581
96.2830
99.6120
162.0769
115.3912
131.4527
125.3611
151.6160
111.9645
101.8016
108.9298
136.8216
102.8365
87.8014
132.9337
135.5294
114.3641
99.7367
111.4127
140.7572
127.7099
140.5283
145.6265
142.1332
120.6328
124.9659
176.4804
-36.7656
146.9400
101.0937
110.3220
113.6265
128.0115
123.6683
88.9067
132.6990
140.7051
132.9477
163.6276
157.8350
121.2788
82.2709
136.8840
118.3789
131.7871
127.4024
99.1428
108.8550
89.2205
129.9132
125.7249
166.9306
121.4888
108.2462
99.2552
113.7545
86.3635
123.8147
102.7751
131.8284
138.8401
158.0186
125.3470
134.8076
140.9148
108.7109
117.1827
93.4153
120.0521
133.2710
124.3746
135.6962
143.7211
103.7472
166.2662
133.3328
100.1568
184.0238
153.6967
94.7579
155.9952
113.9017
157.6251
141.2135
98.4311
121.8250
111.2043
124.2552
151.7920
128.8344
133.6799
116.5122
125.0528
103.4804
93.0020
127.1704
103.2086
-987.5489
130.3802
135.4289
146.5682
109.0904
140.3177
137.5982
135.7887
108.6396
113.9908
112.3108
115.1808
126.5113
125.0377
95.9782
132.0889
182.8825
116.3599
135.6588
92.9614
113.8707
132.4921
135.3722
111.9624
99.4341
146.8300
145.8767
92.6430
125.6109
133.1006
120.9085
104.3502
97.6744
181.7533
126.6943
86.2695
93.5505
118.9817
143.0428
131.5139
168.0993
142.5364
146.8313
106.5635
133.9883
128.3117
116.5742
108.3020
101.6847
125.8742
149.9647
140.6364
-991.4542
115.0468
128.6293
80.1776
129.7540
112.2899
93.3339
131.2061
-99.3281
107.4989
120.4764
127.4576
132.2609
93.8350
-105.8788
145.3128
140.4374
113.1072
84.7876
140.6282
131.5623
118.4522
150.7875
44.5034
129.6437
102.7776
132.3161
109.7695
114.5600
149.5439
131.6723
125.8394
131.6542
106.2516
99.5047
134.7372
103.3555
112.2901
133.7079
105.9906
126.4638
91.6237
-46.0216
133.8130
145.0339
104.6188
132.9114
-56.8944
135.2175
125.0524
93.8711
121.2295
105.7531
121.4665
103.6633
104.2726
125.8053
67.8473
144.4201
123.6357
136.6569
100.8040
89.3903
122.7651
126.2406
137.0303
131.1533
144.2238
153.7255
88.4869
139.6036
155.1476
104.8976
145.1159
147.6540
118.9250
116.6627
123.8741
131.6357
95.7548
119.5717
107.1431
127.0893
96.1194
94.0885
139.2374
110.2430
133.2288
132.1130
132.0376
133.2186
95.3993
119.6127
123.1319
109.6594
116.8503
122.2870
116.3522
103.0740
128.1867
77.7027
140.8293
129.7900
143.8067
103.6057
119.0362
107.7655
117.7681
-1002.5187
116.3328
143.9491
82.8089
135.9545
104.7480
119.7673
-38.8362
10.7597
-59.5732
153.6858
110.0620
124.3605
156.6817
135.8925
77.3620
124.6595
-52.9867
170.0102
126.5844
103.7729
139.0022
130.9108
99.6521
128.2395
117.4899
-1011.4436
118.2581
135.1811
-89.0005
95.3890
109.3913
95.3873
128.3093
150.8629
121.7023
119.3351
94.0987
118.0215
108.6949
127.4266
132.1598
137.1308
-43.1588
-54.9735
-80.0988
106.2132
35.6337
110.6684
134.4328
131.0479
12.7984
117.4865
117.9645
111.8079
160.6196
117.2724
99.8561
122.6831
77.8167
99.7028
127.1207
94.9554
121.0109
99.2590
73.2672
137.5648
110.7194
97.8283
-95.4548
136.0818
100.3591
104.3615
146.9128
126.6554
156.5429
151.7882
123.4872
127.6190
124.1764
92.0444
163.8013
134.0057
151.1306
105.6381
101.5958
114.0786
119.3123
124.0770
-1017.6754
118.5912
-82.6039
129.5319
135.5769
115.5616
99.6700
120.5246
116.0095
109.6809
141.7255
107.1988
140.5355
99.3355
147.1297
-49.2208
136.7626
142.3507
100.8292
-65.1916
138.7250
163.6526
109.9206
125.1773
152.9449
88.5955
-85.1862
138.4603
110.4315
168.4322
115.2107
118.6342
99.4965
137.0445
107.4053
131.2615
96.1426
126.4263
155.6581
154.3953
143.3112
126.3191
131.9828
139.7077
122.3127
113.2115
109.9097
104.3230
110.8734
167.4085
101.0896
103.8228
98.3667
125.5146
126.6324
141.5961
99.7003
119.3720
144.7374
154.4402
-48.3617
110.0618
138.0499
122.2912
114.8392
100.7207
115.8377
-78.2132
-996.7792
85.3379
145.5898
117.3300
-104.3799
124.6219
110.5925
115.6647
160.8492
80.9505
106.7046
-109.7715
92.8264
168.8415
129.1693
141.2788
92.3429
115.0952
117.4854
127.1428
103.3120
134.6240
139.0727
137.7166
166.6114
161.7789
95.8403
179.4390
101.2856
126.1572
164.1441
99.5936
-55.1810
108.8438
125.3309
131.8499
134.0768
101.1227
113.6411
102.3195
136.3573
94.6296
92.4697
122.8978
120.7715
124.6328
91.7258
76.4982
112.2057
136.5353
138.0421
106.3073
136.2869
138.8332
-63.6886
116.7152
116.8112
115.9025
159.0206
112.6285
117.0181
99.9096
-94.7294
-93.1633
-56.6688
162.2095
144.9818
109.1671
109.0574
93.2798
139.9993
137.2400
122.1481
117.3690
116.3908
124.7351
121.6908
122.6303
153.5084
102.2783
113.5447
105.6082
157.7112
129.0021
175.5026
112.4746
102.0930
136.8033
155.8126
104.4038
92.0241
62.7197
144.9376
79.0929
109.1498
142.6934
111.9280
91.6834
133.1416
122.7477
126.9716
112.9595
116.2131
111.9460
96.8906
112.6360
144.7589
126.3219
129.0850
168.8504
153.3078
148.6827
99.4875
93.9338
121.8365
-55.2590
115.3199
94.2796
98.4373
108.6166
119.3803
124.0314
115.1063
112.4941
106.4847
128.4777
-66.4820
145.1219
112.7940
104.9799
124.5780
107.0173
116.4526
131.1704
118.8660
124.5682
149.9962
122.8671
124.4342
132.2396
99.7106
129.7343
153.9896
131.8480
95.1648
131.5670
102.5572
111.2374
158.4445
176.5268
74.0696
120.1761
134.0505
114.9155
117.2576
132.9625
99.2420
-47.2283
192.9107
117.4036
110.6409
125.4303
129.1277
159.9769
126.6492
158.3313
151.3876
103.1008
138.6230
132.0490
118.3344
124.5752
115.7413
119.0189
129.5966
152.5933
117.8355
117.4023
143.6488
121.0397
93.1158
125.8817
120.5993
88.4816
149.8369
-32.4077
111.4671
80.8218
135.2423
135.4238
102.8267
136.2131
119.3172
99.9485
113.0695
133.8563
100.6727
172.0978
133.1998
128.6804
146.8121
154.7654
151.6570
162.5021
161.5786
158.8400
74.9632
-101.5880
100.2328
62.2707
131.9576
-44.5057
120.8304
128.8717
105.5030
106.9616
100.4660
-36.4941
151.7344
122.2161
112.3305
125.6619
93.0296
105.3728
144.8594
51.8833
126.9077
117.6472
119.5881
110.5192
159.8625
141.9406
146.0477
183.0275
123.1821
127.6099
137.8272
-50.4917
167.2901
118.5720
105.2414
145.4565
106.9968
100.4920
128.0568
148.6880
150.2912
137.3923
154.1175
141.9396
89.5948
118.2984
124.3644
166.5258
146.6550
126.8775
112.4814
123.0665
107.9346
145.4125
146.2458
111.0335
143.2947
156.7208
120.6401
112.1191
112.0578
114.6563
170.2708
96.2103
109.9541
134.0209
137.2564
87.7738
131.0823
159.6295
128.6962
124.1733
86.0961
129.7347
136.6793
134.9362
134.0091
99.3462
-47.3551
91.8794
166.5488
130.5841
35.8568
117.0634
124.5321
110.9674
28.1153
142.5775
97.7634
124.8991
101.6177
106.0456
106.1522
119.2086
129.9402
130.2414
125.2885
101.2207
147.5822
33.8068
104.0698
108.6305
161.9711
161.8632
77.8956
149.0794
110.5879
134.6093
103.4645
129.1440
112.8884
131.9450
171.2953
114.7565
110.0347
130.8557
109.5142
124.9225
117.8685
129.6870
147.7343
97.5722
130.3456
122.0043
124.3318
126.8456
152.5542
132.3088
116.8762
98.5686
115.7818
122.4996
123.6309
126.4582
128.9530
156.5288
145.6953
110.3052
83.8649
108.9366
135.3908
128.8639
151.3732
147.0841
94.1128
105.5573
118.5463
121.7753
156.5872
131.6052
167.3721
132.3877
133.1575
118.9857
126.4293
126.1180
127.8042
89.0659
131.5776
125.3899
118.4470
136.9301
100.0837
119.0218
-47.3665
124.1111
100.5041
95.2911
100.6762
114.3817
-50.2333
103.0642
117.8183
124.2311
107.8982
102.7838
111.5290
122.1102
98.6293
100.2988
-59.6320
172.0858
129.5403
114.9038
148.9177
104.5195
164.6649
141.8849
122.8358
115.8333
83.1484
125.5318
132.3387
143.5063
159.8356
139.1882
173.5066
-105.9572
164.1283
88.0971
134.3510
106.6078
109.8585
145.0153
92.4594
100.8063
117.3232
130.2323
157.3870
116.2133
114.8613
113.2890
150.9210
155.0517
154.3134
93.4588
113.2783
125.6329
121.5791
131.9749
123.9989
117.4994
117.3847
139.9962
102.8904
-68.5869
126.3399
93.7242
111.8603
84.2704
112.0182
128.9267
98.0191
99.7969
108.2153
-66.8525
131.1144
116.0002
110.0020
96.5099
140.2311
-92.1679
169.5399
127.3912
125.6600
129.6577
-88.0471
132.6686
126.2244
91.8770
118.1653
144.2826
83.8696
128.4660
107.8155
119.3495
88.5913
129.2960
117.9090
119.7302
-95.3155
119.5789
133.8563
102.8293
128.5719
143.3071
139.8699
146.8634
176.7160
137.7792
94.7154
116.4932
129.9446
141.7056
105.8848
-60.4913
122.0244
132.3402
128.9596
131.3890
88.2226
133.8933
115.9408
66.1377
142.2162
113.4624
142.0361
-999.1654
107.2913
143.4522
148.3980
117.4486
135.1664
127.8308
-98.4690
140.5177
174.1687
95.4912
-110.2888
125.1710
94.7785
125.7596
119.7458
86.5160
148.5169
118.4127
103.1334
102.8919
148.6211
122.2926
88.8676
127.3204
134.1548
123.2900
-67.0448
115.8641
120.8518
153.5350
122.8991
120.1359
70.3830
152.5526
-96.0565
115.8745
94.1845
108.3329
135.1424
118.6182
102.6052
109.9640
128.9089
110.5746
128.7500
147.4960
120.3171
105.5706
140.1404
105.4282
128.6106
103.7994
100.3174
106.5087
101.8685
72.8904
186.8079
92.0241
154.6388
15.7690
103.7405
143.2927
87.0077
114.6258
132.8148
112.3578
120.7169
98.6177
126.7408
41.5334
110.0371
155.0989
158.7196
155.5066
112.3205
120.1718
104.9985
119.8245
79.4874
19.6471
161.1450
103.5318
123.7120
122.1260
-118.5354
147.2432
152.9254
133.3842
120.4599
-30.2592
100.9396
108.3379
112.5621
89.2200
107.5512
137.8629
130.2996
142.4940
119.0433
147.6911
122.8349
143.0024
111.0179
152.3391
93.0859
69.7968
154.4591
105.3013
125.6024
93.7866
134.8398
142.5795
137.6118
-985.6037
150.6767
111.5395
121.2427
122.1762
138.9052
124.1550
125.1694
-72.9578
95.3728
-108.6217
128.7787
98.6940
116.5776
113.9534
112.5277
127.9695
117.9005
92.8837
152.0773
160.8423
-61.3511
116.4395
86.7164
110.9596
131.5678
117.5052
93.7533
118.3109
116.9270
136.1644
144.1110
165.4711
139.3810
-987.7622
146.5523
158.2084
116.3529
136.9896
93.1589
96.3495
121.0707
-87.6300
131.6781
130.8437
136.5260
138.0827
112.4051
164.6139
-12.6458
122.4942
127.8523
-103.9217
-996.4939
119.7504
123.4528
109.0687
147.0601
118.8220
125.7412
76.1270
112.2834
117.9340
135.6078
92.3642
127.4118
149.1729
112.9845
121.3514
108.0538
109.9081
89.6488
106.4148
136.1582
114.2491
100.2669
122.2091
126.6601
112.8128
-83.7768
107.8144
-92.5134
125.5603
-39.2448
121.3906
143.8305
112.9257
-996.1224
34.8539
116.5015
141.1396
138.5890
104.7368
40.1617
116.4321
168.4007
123.2851
143.7451
160.3330
91.2402
116.9081
66.2766
89.9330
108.1828
105.4577
161.0618
118.3686
113.6139
108.2128
117.2778
103.3672
149.2641
138.3574
141.5128
102.0414
126.1343
92.5884
19.9853
91.2301
168.9918
136.6102
136.1737
104.8225
33.9145
120.1759
122.7879
99.3947
81.4637
114.1268
108.4083
126.3731
118.2670
-68.8034
121.1420
126.8675
97.5084
137.4746
146.1892
98.2972
116.3515
-999.6369
148.0570
107.3162
110.2949
141.4240
110.7511
122.8748
144.1461
146.1764
-100.9740
127.8921
102.0058
110.0613
128.4768
-28.9203
125.6352
116.0018
-53.4016
95.3111
151.9125
121.6184
94.6584
108.7941
115.3205
118.4778
133.7981
129.9925
133.5100
119.1756
126.9552
121.3376
-44.7990
103.6218
99.3121
112.5051
143.1236
95.4449
113.3197
95.8517
170.6207
136.4233
-990.3160
80.9849
113.7870
43.2756
133.6389
107.7631
98.3009
105.4361
135.0610
119.3449
132.0270
156.2522
136.6634
107.8584
145.8060
101.4801
148.3036
118.4188
131.2613
137.6324
97.3194
95.9815
142.0465
126.1432
145.4490
140.8430
112.3018
99.3828
-86.1067
85.2754
128.5984
115.4133
128.0702
98.5904
144.0033
117.9988
114.7094
126.3846
124.2231
136.7940
91.0356
104.3952
143.6380
94.0797
88.3380
110.2664
133.4918
116.7261
127.9076
113.0718
123.8196
90.6691
108.4499
125.5387
123.5009
140.9517
144.7289
112.9982
116.3042
121.4024
127.8139
124.0829
114.7823
94.8122
139.5473
152.9653
100.9264
95.5517
91.3982
119.3400
119.1263
92.4080
113.6548
107.4011
111.7120
119.5314
40.3109
112.4184
109.3260
185.4624
140.9379
113.9633
99.3321
90.5705
144.1823
114.1171
155.2683
113.8469
123.3852
158.6251
-52.3441
133.1820
-86.3942
138.6513
126.3304
96.6834
7.1740
120.3053
-1013.8645
149.9081
103.9145
118.0452
-990.0105
98.7626
-67.5843
96.5846
130.4858
142.7024
158.9646
134.2351
103.5374
120.0039
100.5612
99.6350
125.2289
134.4533
118.0328
110.2219
135.4388
158.9265
109.4049
134.9946
107.5149
137.2746
118.2184
107.8182
113.8828
117.7238
40.8880
117.4445
119.6103
139.2378
103.2044
85.3396
129.9767
151.3792
137.9155
128.5484
95.5290
84.7213
107.0303
115.5173
113.2623
127.9203
116.2925
101.0797
-94.0019
128.9851
140.4303
120.8767
96.5785
-71.4913
131.1445
-101.6898
146.0967
134.1022
112.0021
93.5501
181.8695
132.4352
119.8400
112.5011
117.4450
139.0613
126.7074
114.9496
141.5965
128.6080
125.8411
114.8595
114.9709
130.4658
150.9886
102.9021
140.9879
114.8945
126.0964
132.0041
110.7354
116.5260
126.1582
108.8653
105.6655
114.8537
147.1587
-83.5926
112.2059
123.5273
90.8812
125.6330
114.7063
99.9361
106.3584
118.0176
178.5439
157.1941
-80.0913
118.3239
36.3727
102.0897
165.0586
111.1955
147.3873
-1006.0805
100.6811
101.8565
126.1260
103.1133
113.3899
108.9727
29.9916
144.3971
113.4584
110.4928
121.9386
-55.6036
110.2457
-988.7105
127.4043
113.3907
139.4957
113.4803
103.7547
122.6911
146.6602
117.3148
117.0413
151.2650
117.3947
97.2611
114.0492
120.0917
133.7855
102.4661
141.6791
114.3284
121.4334
139.5266
89.9799
112.6902
127.7158
140.1866
107.5842
82.4720
133.2156
85.6204
85.6270
147.9664
126.0853
122.0832
109.2279
109.6567
111.2764
156.1650
120.4940
137.2903
115.6259
97.9105
113.8973
120.1885
96.6017
145.3499
93.0611
99.9291
118.5492
102.7722
106.9190
84.4229
-76.3650
144.5643
128.5269
131.2767
124.3466
152.1632
99.8263
98.6297
145.1825
125.9124
94.7673
120.2356
90.1877
-60.4069
89.8126
96.3955
153.5950
104.5258
-97.4714
113.3214
-92.8131
100.1936
102.2455
129.1471
103.8728
115.5370
111.2864
103.5304
102.8434
135.9774
111.1781
125.1661
113.6611
116.3763
96.7784
-60.0078
118.9333
112.2659
141.7369
38.7161
117.6504
100.1854
90.1250
103.3497
136.0203
120.8283
120.5469
125.0547
93.6291
144.0553
136.9467
113.1990
120.7121
118.9122
165.0386
153.1024
118.5919
116.3092
82.0596
95.9034
141.5672
95.6325
88.5499
141.5807
123.3947
134.3070
119.0311
95.3310
-63.5535
107.6933
-100.7516
108.4350
-43.6295
95.2435
99.2371
144.8760
103.2021
111.4208
110.4171
83.2642
121.0749
118.1824
118.6554
161.0543
98.0963
113.5417
144.6885
171.7163
90.2830
82.8351
121.7683
167.1079
136.9887
176.3920
125.5652
115.7926
124.0819
98.5105
77.1644
97.1424
142.2804
125.5580
88.4791
102.8967
88.8282
-1008.7452
163.9597
123.0194
122.1666
158.9099
171.1013
99.8486
29.2907
124.8432
117.5124
147.6678
121.7578
108.9968
92.4616
-36.4001
108.9391
120.5464
115.5767
136.2448
78.9688
121.4121
106.4812
117.0621
-63.0927
-95.8177
95.7630
178.1689
126.3816
122.7210
100.5660
113.8057
131.8276
117.5772
125.1712
143.4935
113.4121
94.2073
90.2912
136.5066
142.3826
101.4999
152.8401
112.3409
116.0133
122.0975
107.7249
110.5125
155.2493
190.0062
137.1177
-996.7505
146.4685
116.0944
160.5941
124.4788
131.3589
123.5830
-98.7072
-111.5955
-95.8790
83.1462
124.1637
111.8779
128.7019
127.1418
-106.9328
148.8075
151.6395
156.5900
149.3914
104.1007
123.5070
146.8335
136.2747
120.6008
-1001.6511
123.4578
115.9760
126.4015
115.9432
97.1995
136.1977
99.6361
104.1550
127.2766
-1010.4908
120.9426
101.0119
113.8202
114.0239
85.8077
116.2696
119.7341
118.2218
108.2471
171.1058
125.9645
115.6975
131.0889
133.1755
127.8153
171.1339
112.2964
108.5283
157.7448
126.7520
94.7852
138.9628
113.2069
31.1245
120.4010
98.1884
133.1492
145.3116
117.2571
133.7309
112.4764
100.7614
26.0309
148.0664
123.7023
149.6912
119.6148
124.9535
134.7321
157.0977
152.0788
123.7114
88.5198
143.5565
134.5911
111.0757
107.6948
109.2262
120.2453
151.6405
109.2246
106.6581
99.9051
-83.4594
155.1594
100.5013
111.3721
108.8781
114.0077
118.6604
159.4907
158.8275
124.0010
128.0291
129.0492
107.6956
136.3865
107.8957
126.7000
126.3712
116.5492
126.6600
133.3591
139.0080
103.5101
108.5903
116.9933
117.4922
139.8494
103.6404
154.5805
97.7281
105.3501
122.4731
99.8879
91.8328
114.4848
108.6839
-86.1225
132.5719
97.4586
171.1196
128.0809
131.2900
112.2807
119.5113
117.4926
102.8008
146.8399
129.4018
140.1745
113.3647
138.1372
108.9951
130.4483
-99.0573
145.0652
131.6508
135.2610
109.3287
111.6892
141.5598
96.7122
106.0232
118.9370
129.8152
118.7442
115.5917
156.8471
107.9988
106.4571
126.4163
105.8721
116.2245
152.9485
148.9108
130.6323
99.1752
-96.7641
129.7555
128.7215
125.5767
114.9071
148.5222
112.4243
106.4848
114.7259
88.8273
122.5883
42.0492
120.8926
169.9728
108.7256
118.3027
111.5177
105.8685
95.1698
111.2223
115.9283
144.0023
108.3259
93.9581
108.4296
121.3030
129.9164
127.9848
142.8004
122.1655
96.5718
140.8669
154.7605
117.6265
-34.0036
127.9076
100.8801
110.2227
105.9674
112.6551
126.4762
120.2696
130.9103
-61.4972
114.6189
90.2055
111.4937
92.5465
131.1822
15.9494
122.5419
127.1127
94.9471
126.9650
118.9145
115.8454
134.3412
172.9963
124.3064
134.3191
86.1597
84.2957
102.7523
137.9604
91.1694
106.7003
-93.6676
109.1023
131.0847
118.8781
142.4393
109.4979
99.3373
166.2455
114.3467
85.4841
118.9238
149.2961
121.0470
122.8390
78.1664
123.0953
157.3656
96.7403
90.5210
127.7817
152.2322
114.5662
152.4636
96.7991
-100.2848
128.8292
131.0339
130.6713
117.9968
114.5628
122.3728
120.8061
122.4927
171.9262
115.3478
139.6843
124.0897
107.4040
128.9127
97.1251
-70.8467
73.6388
121.3884
89.2427
117.4562
127.7240
108.5135
101.9401
120.8866
123.9184
124.3653
127.1541
127.3250
-102.3093
129.2237
113.9200
79.6338
107.2309
137.8225
123.9128
138.3366
110.6427
135.6068
99.2862
-996.9167
75.0178
116.5306
114.7234
148.8969
141.5296
-114.1453
135.9278
111.8182
126.3805
90.6610
105.9464
111.1504
130.4357
126.1922
120.5514
117.6576
132.2788
124.9056
102.3176
116.7584
116.0466
114.7221
118.4200
102.8897
132.5139
115.1715
95.6169
141.6029
130.7926
117.1796
116.2372
131.0847
112.0672
129.6787
114.8786
78.2571
-50.0233
147.7090
101.4930
128.0330
85.1434
145.7706
129.7522
173.9526
89.1270
113.2780
138.5065
118.1757
115.9541
114.1339
124.7380
148.2221
134.5802
119.3085
101.3074
110.1138
114.9473
136.1236
102.0090
128.8451
92.9598
137.4119
115.0512
131.7974
150.3315
95.1559
117.9186
113.3439
124.0436
93.4835
-114.5286
118.4541
105.3040
-37.9694
106.2517
115.7175
124.5049
174.8233
161.3663
106.7815
107.4115
120.4372
105.3578
141.0221
102.2500
120.9761
120.7158
96.0810
113.9583
148.8313
111.6871
125.5545
136.7311
98.5077
126.5006
155.7551
153.9548
97.3915
117.7692
103.6684
94.1931
121.2394
117.9609
127.8453
88.3839
155.7767
117.7275
161.4467
91.1406
170.4445
96.4412
124.6064
121.1373
130.9408
128.1818
120.9233
119.1297
-99.7665
112.3577
94.4047
147.5548
97.9929
115.7955
135.9919
103.2160
91.4603
111.8906
127.8956
111.4782
96.7280
143.2796
-92.5735
133.8618
122.8476
-91.3525
84.9241
97.5551
90.0289
88.5787
134.9027
125.8277
109.3953
133.9597
138.8076
123.5082
137.2572
-1015.0707
125.2445
95.1271
-109.0566
-1000.2699
125.9958
120.5547
117.3602
101.7487
135.5647
129.2865
137.1650
88.8741
104.5373
105.9449
72.5382
122.9176
162.0975
125.6675
137.5671
129.9010
113.4179
170.6099
82.8155
128.8883
105.0372
111.7337
135.9465
98.3287
132.6597
114.8889
-72.0734
129.0030
90.5929
115.3437
98.8750
98.1080
83.2697
151.1604
130.4683
142.5728
176.2841
109.3500
149.1933
122.5360
110.7726
110.7344
126.1064
132.7840
128.0989
96.2912
97.3027
102.7133
75.3976
129.3256
115.4224
108.1901
117.6569
157.5489
91.4341
-102.4620
113.5806
125.4545
80.5286
87.9735
129.7328
122.8188
135.5871
134.9651
166.8367
113.7157
124.8061
134.8537
120.2239
119.6440
161.9085
124.9103
120.3899
118.0119
144.7522
132.7784
92.1383
135.1992
-106.7216
123.3263
118.4655
115.8143
144.0088
122.6117
117.5786
119.0709
109.1283
109.0828
144.7159
122.1150
102.6974
103.9455
107.5155
106.9958
124.0456
151.0433
116.1120
105.6985
133.9237
169.1359
133.6425
135.1941
138.5887
113.8301
102.4752
129.9800
103.2831
116.3851
37.9230
116.8682
155.5222
128.0212
115.7861
97.5892
130.9262
116.2651
123.7444
98.0487
-97.9243
100.8845
126.7750
104.9402
174.9708
120.4852
112.4098
123.5868
145.0477
86.5520
168.1482
135.9639
131.9112
142.9027
92.4830
99.3458
122.6497
122.3502
137.0412
122.0861
120.1691
103.6963
164.0464
-52.4568
115.1674
129.4339
116.8970
89.2019
95.1469
-105.6525
-82.5833
145.1007
110.6529
123.4358
125.5994
94.2562
134.8447
130.9477
181.8852
105.2693
97.7554
119.2993
121.6601
111.3225
114.8250
85.6141
129.0210
113.0264
143.7443
176.1153
113.4554
148.9016
-64.5637
98.5695
122.9589
123.3390
63.1675
106.9839
133.7439
106.6165
117.6198
133.5522
102.7033
104.9704
102.7779
95.9906
128.1963
93.1622
113.9441
123.5342
133.6820
-982.8617
122.3012
133.5854
137.3428
130.0246
116.6373
92.8641
111.0189
144.1258
-79.4931
112.7409
79.6979
122.4210
114.5891
37.7232
118.3253
120.4190
111.2592
107.2650
123.1277
139.4489
105.0567
120.0222
133.3682
92.6635
182.3387
130.4236
103.3236
153.3880
129.8867
-75.5254
106.4813
101.7045
111.9020
83.8367
114.8704
164.0029
-90.0320
102.7455
133.7890
116.7630
92.1402
110.0353
158.9461
119.8469
146.6831
-98.5830
105.3645
105.4706
130.4149
130.5459
127.3967
97.9561
120.8797
122.0413
116.2831
145.8631
123.1395
91.8855
108.4225
151.7580
113.7486
118.0067
124.0792
165.5113
108.7628
108.7058
158.1200
118.4533
139.8511
77.2820
102.6191
117.1675
90.1153
114.9562
143.9535
105.1057
84.1266
145.5305
120.6040
91.2618
110.5134
142.0255
163.7863
135.2797
160.3044
150.7071
169.3803
121.0859
139.0820
-108.6288
188.3784
-991.4472
92.5011
-67.1633
116.5165
132.0702
72.5825
121.8797
103.3843
130.7046
114.0235
97.8967
122.8832
101.2272
106.6037
174.1801
124.4188
115.3187
99.9849
157.7132
108.5835
144.0363
139.0399
84.5517
179.2051
106.1841
114.9987
106.9782
132.8998
112.6355
126.3986
155.5938
147.7335
-45.1718
113.4223
125.4687
115.1990
119.7950
104.8186
142.1819
123.0245
115.1945
100.9029
156.2728
82.6849
117.6604
101.0697
105.0023
152.5418
101.1562
108.2518
85.1469
168.0993
93.8065
104.0202
94.7528
114.5173
137.7124
95.2081
103.7444
112.3513
106.1729
-107.3341
91.1499
118.1447
124.6197
123.9106
115.1338
179.1599
-67.4920
134.3860
91.4378
133.3134
99.6874
111.0438
125.1692
134.6094
-117.0525
120.7984
147.2144
90.4703
123.4759
132.9815
111.2287
87.7229
125.7928
144.8724
100.0285
104.7912
100.8241
63.5063
-991.6596
135.6169
112.1427
157.3797
142.0133
152.9061
-59.7016
32.5044
133.9490
117.8220
93.2219
124.0211
88.1056
127.0365
87.5143
122.0282
103.9632
99.6541
118.9263
-56.2450
101.5755
127.4525
142.8335
114.6256
-39.5510
-110.4852
120.2898
133.5390
86.7326
116.6061
139.7186
124.2502
76.8262
103.3998
-66.7941
-83.3718
126.3212
111.6435
110.6993
-88.8916
138.6456
124.3700
164.8908
105.5826
108.2958
159.5769
109.6801
134.0111
121.4946
120.9222
117.1032
93.0367
116.1328
104.8117
98.0481
94.6516
119.1782
108.7347
94.5370
124.8123
107.2327
122.4782
116.8478
88.8590
93.5820
-998.0900
125.9634
178.4545
36.4999
94.3818
147.5173
123.2210
88.8152
104.7316
143.8014
143.3416
152.4905
122.4310
95.5669
155.4433
129.9884
-1001.0700
117.2428
85.1632
-125.6389
145.6741
106.1778
109.8138
158.6930
137.6001
112.4458
131.1149
135.0975
120.8426
118.5626
130.7708
99.0198
127.1743
142.4308
153.7917
143.3549
143.0479
118.9591
154.5947
128.9796
-44.4350
-96.5070
148.0623
119.6940
112.7971
145.1081
165.2524
112.0067
109.6199
158.6680
145.1032
119.4704
107.2673
97.2138
111.1124
116.8843
116.0221
89.3597
123.9975
-119.2570
127.9371
106.1932
124.2600
129.5801
115.4621
125.0032
136.8728
140.3907
123.7773
107.8600
91.8314
123.8949
131.9833
73.7234
111.0245
113.5707
138.4842
123.6462
115.7452
135.7210
117.8328
106.2582
140.6863
73.9157
155.8253
101.4502
142.6083
110.8572
147.2316
141.8696
-49.6026
105.7328
88.8007
158.4660
135.0561
118.5101
130.6956
125.6493
120.0987
20.3500
136.2700
142.5319
133.6762
139.9907
142.2389
126.1665
154.9457
81.3722
103.4669
112.3621
32.9600
109.1677
138.6117
113.3910
116.5112
118.3225
123.4770
142.0268
123.7178
138.3493
184.3828
152.0177
164.9757
108.0289
103.4778
165.6041
123.9860
132.0189
-42.2295
-85.1839
137.8478
113.6921
134.7792
120.8454
121.4166
110.3237
103.4882
119.0711
171.9080
118.3213
105.0400
133.1529
115.5510
107.3811
106.1534
146.1396
-1013.0365
123.3050
-48.9291
122.0956
119.3748
158.4722
108.8848
139.5854
-994.1650
156.4412
120.5391
130.6009
129.0533
113.0760
101.3239
-67.9616
101.6861
138.1298
111.8454
122.9423
111.4276
114.4899
126.1759
-83.0544
-94.1288
111.3729
129.9312
108.0700
146.8471
91.1286
138.2589
96.3557
98.9077
93.6898
131.1990
184.0830
121.6984
152.8931
101.4793
133.8409
92.2274
121.2812
158.2674
99.5190
114.7455
135.6515
111.2297
84.1592
137.0856
80.9988
-78.2730
168.2008
109.4621
106.4930
128.3988
164.7695
125.4884
95.3645
119.2083
122.6095
139.8732
100.3249
125.6842
147.9334
104.6836
114.5272
132.7772
109.2950
31.6477
126.8490
132.3202
140.5548
-51.7360
-100.7939
132.0525
79.9680
84.6067
116.9447
113.0605
108.5758
156.4682
127.1530
118.1878
106.8990
148.6191
91.9435
129.1096
102.9982
124.7223
146.6566
-999.1558
120.3742
110.1050
115.3010
143.7051
96.2163
126.7311
122.3470
108.0736
134.9115
160.1375
136.6007
105.2446
105.2903
129.7402
116.4573
116.8473
137.3409
102.7915
98.9571
-100.7800
120.0253
117.7962
9.7888
136.2713
-45.6450
116.3027
117.6470
61.8729
118.9483
142.6959
146.1005
123.8519
155.1928
112.5663
105.9100
110.5016
127.6267
109.8018
135.8232
115.8118
120.3199
111.9678
-62.0347
139.8326
106.0997
140.5055
113.9514
87.0215
109.7613
77.7295
136.0386
116.7669
100.5204
125.4659
148.5755
106.7125
94.4836
121.1391
127.3665
124.5368
131.1203
128.6927
107.5497
129.0409
135.2455
88.8492
129.6293
114.5875
86.6244
121.5090
124.2071
159.1547
123.1075
138.4982
57.8510
112.7823
32.3185
139.1262
95.8405
137.3373
124.3869
128.9872
162.2878
-113.9673
120.5516
154.8008
103.0525
151.1497
124.3928
145.3085
96.1179
120.4102
145.5105
158.2928
151.1348
113.6515
126.1318
137.3449
106.5392
41.3021
152.2274
90.1128
104.7336
149.0909
79.1450
122.5538
118.5278
120.4289
130.3137
-74.9822
89.0014
118.7603
102.3339
-65.1382
78.6802
91.2109
104.2372
134.0197
122.1535
135.9116
139.5019
103.4879
129.3154
164.0309
-38.4958
132.8008
132.0770
125.6366
122.7401
124.8514
162.5264
85.2308
102.4944
125.8382
139.6351
94.2779
125.1062
136.3670
160.2187
97.8565
117.7075
124.5993
99.6440
112.9832
117.9588
82.3009
104.3694
153.6056
107.4425
139.2545
129.5125
115.3298
105.4497
146.2782
116.3103
139.2207
147.8119
111.2786
135.1022
70.2270
126.2808
121.5405
133.3838
135.8162
95.1952
105.3619
146.6034
125.5464
130.3318
125.6173
134.7253
114.5884
95.3188
117.6839
125.7948
108.1998
120.6699
169.6459
40.9023
114.5720
117.1663
92.0295
131.9368
94.1807
96.0331
127.7674
124.2634
154.6502
144.4154
127.4404
134.5739
111.1613
85.3454
157.0910
129.2109
113.8074
117.8628
110.0576
93.1226
127.6062
113.0122
95.4860
84.2561
130.9382
142.8899
-988.3383
125.1733
106.2319
118.1148
139.1516
170.3862
128.7047
92.7032
117.2851
132.4977
152.2709
87.1058
-55.0355
134.1839
118.8145
116.7003
165.5472
140.3334
156.1546
107.0525
127.9554
102.9468
131.2658
90.0661
127.0908
108.6645
113.1546
115.3656
115.9792
150.1132
122.5463
108.0393
126.8140
121.2033
107.6792
111.2781
90.3487
126.5379
127.0743
-51.9144
109.1778
113.5033
132.0258
113.1195
-101.6618
95.5940
121.0632
114.8149
100.0446
115.0672
102.4617
117.4435
128.8228
-42.1887
115.5468
77.2635
102.3659
138.1027
107.4209
128.2922
81.8779
144.9578
117.2126
80.1472
84.3786
99.1049
106.8060
94.8672
123.5849
145.7111
103.6787
-91.6222
106.4260
88.3030
152.4068
132.4804
109.7621
114.6235
137.7266
146.2389
109.5873
107.6522
-989.1062
109.6807
115.6004
155.7598
113.4585
136.9689
114.0644
161.7196
94.2740
-978.8345
142.3634
-90.0498
122.3297
125.6655
109.6348
164.7058
-85.1542
122.7417
113.5935
117.0468
87.4848
122.1110
98.6635
125.7717
-56.4756
159.1973
116.8824
131.5512
110.9126
114.1973
125.4116
87.6507
132.6531
112.6832
-59.7916
102.3317
118.5600
114.4945
113.2670
151.2365
122.1184
118.9817
115.5510
-109.9347
141.6839
125.5269
98.8334
103.8192
99.4016
157.1232
167.8633
133.6626
131.7408
136.2568
120.7368
148.9283
122.2550
114.1718
135.9077
127.5085
155.2069
149.9042
124.8791
119.5463
106.9051
105.2621
95.6859
133.3469
150.0794
148.6849
105.2611
145.9566
131.1996
123.2998
115.8790
134.9964
126.5947
106.6229
103.4601
141.2790
162.9982
107.8284
116.3263
125.5264
113.5451
107.3335
142.1718
120.2208
79.0935
103.8910
99.7265
126.5008
91.9753
91.4786
-91.3074
135.5847
130.4604
123.4317
136.8134
82.7290
-88.5011
143.0319
-78.1851
130.8537
103.9366
166.6890
106.2704
113.2608
105.3427
88.1285
150.0307
-93.1294
91.3615
133.3131
126.0683
133.6218
141.0364
179.1279
146.9120
113.7312
128.2162
142.2938
126.8956
172.9452
138.2521
131.2654
-111.3304
146.0030
124.4761
117.7771
-80.9220
-75.0892
94.7574
146.3751
104.0843
112.2676
-81.6002
134.5972
117.3647
153.9532
120.2296
103.2837
104.9943
-106.6779
110.7183
106.1142
148.5907
121.9724
119.3542
94.1554
107.4235
137.5795
-56.8952
-108.4972
113.5262
112.6388
134.0218
121.7310
77.8378
93.9992
141.8755
-107.5709
120.8408
105.3890
110.3408
121.9196
-29.5897
118.7612
121.1834
120.6311
-65.3822
146.5861
64.2353
112.2910
117.9917
91.4622
-54.3681
114.0967
145.5222
140.2382
123.3262
138.9108
117.3073
118.4001
148.2953
156.2016
102.7075
110.4589
140.7264
130.6376
135.3061
87.2642
91.3906
174.6581
131.3400
92.9349
128.3108
135.3131
107.3375
108.0987
102.8607
158.5259
110.9668
111.3262
109.0519
107.6949
-1007.0429
105.8338
86.6227
-43.2477
110.7588
132.6526
115.0400
120.5069
182.0050
138.2412
112.5838
136.9902
127.6220
131.5719
127.0739
121.0284
138.5689
119.6928
125.2803
88.5040
-97.4845
108.2132
138.0307
139.4808
134.2329
91.8588
115.9342
109.5296
93.1795
113.5042
-993.5945
113.8785
173.6528
122.0547
146.5498
86.1643
146.6984
131.9783
113.9261
120.6324
138.0868
112.1679
127.0458
153.9531
143.4888
118.7303
145.1027
98.5916
137.9020
86.2327
129.3925
98.9878
162.5707
88.3079
111.6617
120.2769
110.3611
142.4046
112.8765
149.5562
147.7502
114.5680
149.4575
122.5367
142.6877
-57.8688
120.5209
147.4779
98.0765
123.8531
131.7870
143.3434
123.6031
103.5641
119.5324
118.2809
118.7371
134.1151
142.9370
21.8139
99.2429
127.2161
161.9858
93.5934
148.9240
100.7945
124.1346
101.6192
128.2076
111.7236
126.1639
147.2699
115.3032
136.9840
122.7813
121.2657
98.7915
131.0555
127.4300
121.8657
117.6852
137.5829
126.4854
130.8414
123.8922
128.5310
146.4261
110.9414
126.9012
102.3364
113.5622
148.9816
-84.1009
145.6537
140.9182
114.0960
121.7292
149.1469
138.7036
111.5780
176.9255
148.1714
103.7611
38.3690
89.8413
120.3806
131.9955
107.7515
123.5003
151.7221
113.6680
94.0561
110.6423
159.6216
118.0454
124.2589
158.7516
108.8662
111.8919
93.7030
114.8153
125.3844
98.1418
-102.6068
138.6216
114.8564
119.7127
100.6548
97.1313
145.8048
158.1135
119.9020
151.5636
94.9315
124.7382
144.6253
126.2172
111.6562
156.1542
100.8446
124.5906
122.6525
167.3999
101.9123
132.5282
151.0864
69.8080
90.7242
124.7777
111.7428
-95.4777
115.2385
142.0759
117.1523
145.3733
126.2338
99.3858
92.7881
113.1134
130.5489
132.7916
113.5237
86.8437
103.8676
-37.1341
-985.2487
147.2963
-93.6454
97.4722
103.3780
135.5631
139.0937
105.9750
112.3957
103.9677
131.9730
44.3095
125.6788
139.3032
68.4691
113.3363
103.5862
114.1966
124.4234
130.7029
162.0269
141.3691
150.8366
126.7549
122.5888
116.0891
119.1197
128.9513
134.1186
116.8259
103.7023
133.0672
90.0553
111.8800
80.3138
166.6001
107.0913
102.5723
134.2051
103.2449
124.7469
126.4338
113.3661
131.8266
92.7714
141.4456
87.8263
122.0171
98.2846
126.3507
110.3602
99.3856
102.0618
109.4072
-69.9754
115.8444
137.1197
109.4717
114.5043
98.9847
133.7981
146.4580
123.9481
129.8658
106.2231
103.0967
139.7779
146.9231
111.6268
117.0775
95.3054
129.7424
96.6335
130.6058
142.0780
140.6467
126.6178
111.4458
-59.2797
128.3485
113.6934
141.7201
104.7723
140.3756
130.1755
76.7488
116.9129
127.6227
117.1988
114.2601
90.7038
135.6387
109.8132
114.1800
130.8190
103.9251
109.1723
123.5522
145.6382
109.1516
163.8625
148.3528
-80.2248
140.7890
99.7831
111.7236
155.7836
122.1195
-77.8228
97.8323
105.1852
90.4076
85.7943
132.1181
126.6318
113.2295
106.4200
147.0189
118.8023
-103.1785
138.3562
152.8496
119.5633
130.6089
136.4057
111.4069
114.7103
100.9747
169.4676
122.0658
121.0659
119.9976
137.8349
101.1153
142.7174
-64.0570
111.5014
130.3050
129.1857
102.2777
147.7301
125.7378
134.5021
-1005.9648
120.1473
101.1795
144.0771
104.5400
132.9921
105.6429
136.7756
101.2521
147.2326
112.0940
110.1737
114.4264
120.4104
111.7638
139.7497
95.0597
159.0204
121.3828
135.3524
113.7102
139.7548
